1 0.5516826923076923 0.49399038461538464 0.06490384615384616 0.14903846153846154
1 0.4254807692307692 0.5528846153846154 0.04807692307692308 0.1658653846153846
1 0.33052884615384615 0.5793269230769231 0.07211538461538461 0.15384615384615385
1 0.5757211538461539 0.6081730769230769 0.08653846153846154 0.09375
1 0.65625 0.6177884615384616 0.08413461538461539 0.125
1 0.5096153846153846 0.6466346153846154 0.052884615384615384 0.16826923076923078
1 0.4074519230769231 0.6754807692307693 0.06971153846153846 0.14182692307692307
1 0.2548076923076923 0.6887019230769231 0.08653846153846154 0.1201923076923077
1 0.5733173076923077 0.7139423076923077 0.09375 0.10576923076923077
1 0.35336538461538464 0.7692307692307693 0.0889423076923077 0.12259615384615384
1 0.4795673076923077 0.7668269230769231 0.08413461538461539 0.0985576923076923
1 0.5120192307692307 0.13942307692307693 0.06971153846153846 0.10576923076923077
1 0.6586538461538461 0.18509615384615385 0.06490384615384616 0.13221153846153846
1 0.5540865384615384 0.20673076923076922 0.06971153846153846 0.11298076923076923
1 0.38100961538461536 0.24519230769230768 0.07932692307692307 0.13221153846153846
1 0.7007211538461539 0.28725961538461536 0.08413461538461539 0.11298076923076923
1 0.4579326923076923 0.3016826923076923 0.04326923076923077 0.15865384615384615
1 0.5240384615384616 0.3125 0.07932692307692307 0.11057692307692307
1 0.3112980769230769 0.3401442307692308 0.0625 0.1466346153846154
1 0.5985576923076923 0.33774038461538464 0.05048076923076923 0.15865384615384615
1 0.39663461538461536 0.3581730769230769 0.07692307692307693 0.125
1 0.27884615384615385 0.42427884615384615 0.09134615384615384 0.09134615384615384
1 0.7247596153846154 0.4338942307692308 0.08173076923076923 0.13221153846153846
1 0.3798076923076923 0.4651442307692308 0.04326923076923077 0.15384615384615385
1 0.640625 0.4639423076923077 0.07932692307692307 0.12980769230769232
1 0.48197115384615385 0.4675480769230769 0.04326923076923077 0.16105769230769232