1 0.4230769230769231 0.48677884615384615 0.07211538461538461 0.14903846153846154
1 0.35697115384615385 0.5024038461538461 0.07451923076923077 0.14423076923076922
1 0.6586538461538461 0.5036057692307693 0.10096153846153846 0.12259615384615384
1 0.48197115384615385 0.5540865384615384 0.057692307692307696 0.15625
1 0.32211538461538464 0.578125 0.06490384615384616 0.1658653846153846
1 0.2620192307692308 0.6021634615384616 0.08413461538461539 0.14903846153846154
1 0.5709134615384616 0.5985576923076923 0.07211538461538461 0.15625
1 0.4110576923076923 0.6346153846153846 0.0673076923076923 0.16346153846153846
1 0.4807692307692308 0.6586538461538461 0.08413461538461539 0.1201923076923077
1 0.6550480769230769 0.6382211538461539 0.08413461538461539 0.16826923076923078
1 0.36538461538461536 0.7055288461538461 0.08413461538461539 0.13942307692307693
1 0.4567307692307692 0.7319711538461539 0.09615384615384616 0.12259615384615384
1 0.5492788461538461 0.7331730769230769 0.0985576923076923 0.11538461538461539
1 0.37740384615384615 0.23798076923076922 0.06009615384615385 0.1346153846153846
1 0.296875 0.25961538461538464 0.0625 0.14182692307692307
1 0.5072115384615384 0.24639423076923078 0.07692307692307693 0.08653846153846154
1 0.25600961538461536 0.3004807692307692 0.07692307692307693 0.13221153846153846
1 0.42788461538461536 0.3317307692307692 0.06490384615384616 0.1346153846153846
1 0.3701923076923077 0.34615384615384615 0.06009615384615385 0.14903846153846154
1 0.53125 0.328125 0.08173076923076923 0.08413461538461539
1 0.33533653846153844 0.4050480769230769 0.0673076923076923 0.13221153846153846
1 0.4855769230769231 0.3942307692307692 0.07451923076923077 0.13701923076923078
1 0.6382211538461539 0.38461538461538464 0.0673076923076923 0.1466346153846154
1 0.27403846153846156 0.45552884615384615 0.08413461538461539 0.11298076923076923
1 0.1971153846153846 0.47115384615384615 0.08173076923076923 0.13942307692307693
1 0.546875 0.46033653846153844 0.0673076923076923 0.13221153846153846