0 0.3389423076923077 0.546875 0.052884615384615384 0.0985576923076923
0 0.5192307692307693 0.5360576923076923 0.057692307692307696 0.0985576923076923
0 0.25961538461538464 0.6706730769230769 0.06490384615384616 0.10576923076923077
0 0.3545673076923077 0.671875 0.06009615384615385 0.10336538461538461
0 0.39903846153846156 0.7584134615384616 0.0625 0.10817307692307693
0 0.34975961538461536 0.78125 0.0625 0.11298076923076923
0 0.4495192307692308 0.19110576923076922 0.052884615384615384 0.0985576923076923
0 0.59375 0.20192307692307693 0.055288461538461536 0.09615384615384616
0 0.359375 0.2620192307692308 0.055288461538461536 0.0985576923076923
0 0.21875 0.27884615384615385 0.06009615384615385 0.09615384615384616
0 0.6466346153846154 0.25600961538461536 0.052884615384615384 0.09375
0 0.609375 0.3004807692307692 0.05048076923076923 0.09615384615384616
0 0.17307692307692307 0.38341346153846156 0.06490384615384616 0.10576923076923077
0 0.4411057692307692 0.3629807692307692 0.05048076923076923 0.09375
0 0.4879807692307692 0.3641826923076923 0.052884615384615384 0.09375
0 0.3245192307692308 0.390625 0.055288461538461536 0.09375
0 0.5889423076923077 0.38461538461538464 0.055288461538461536 0.09615384615384616
0 0.43028846153846156 0.4362980769230769 0.05048076923076923 0.09375
0 0.6538461538461539 0.4110576923076923 0.06009615384615385 0.0985576923076923
0 0.3173076923076923 0.4675480769230769 0.06009615384615385 0.09615384615384616
0 0.46875 0.453125 0.055288461538461536 0.09615384615384616
0 0.5132211538461539 0.4483173076923077 0.06009615384615385 0.09615384615384616
0 0.3762019230769231 0.47836538461538464 0.05048076923076923 0.10096153846153846