1 0.5685096153846154 0.4831730769230769 0.055288461538461536 0.1346153846153846
1 0.6658653846153846 0.4807692307692308 0.08653846153846154 0.10096153846153846
1 0.3713942307692308 0.5276442307692307 0.057692307692307696 0.14182692307692307
1 0.45913461538461536 0.5673076923076923 0.0625 0.14423076923076922
1 0.3245192307692308 0.6045673076923077 0.08413461538461539 0.13221153846153846
1 0.4050480769230769 0.6129807692307693 0.06971153846153846 0.15144230769230768
1 0.5204326923076923 0.6057692307692307 0.06490384615384616 0.1466346153846154
1 0.6021634615384616 0.6141826923076923 0.07932692307692307 0.14182692307692307
1 0.2620192307692308 0.6706730769230769 0.08173076923076923 0.12980769230769232
1 0.6826923076923077 0.6141826923076923 0.08653846153846154 0.1346153846153846
1 0.3870192307692308 0.7079326923076923 0.06971153846153846 0.15144230769230768
1 0.47596153846153844 0.7259615384615384 0.06490384615384616 0.1658653846153846
1 0.5360576923076923 0.7175480769230769 0.08413461538461539 0.10096153846153846
1 0.34375 0.7680288461538461 0.08173076923076923 0.12740384615384615
1 0.6081730769230769 0.7548076923076923 0.09134615384615384 0.0889423076923077
1 0.44591346153846156 0.8076923076923077 0.08413461538461539 0.10096153846153846
1 0.5288461538461539 0.8040865384615384 0.0889423076923077 0.0889423076923077
1 0.4987980769230769 0.2860576923076923 0.07692307692307693 0.08413461538461539
1 0.3786057692307692 0.34615384615384615 0.0673076923076923 0.12259615384615384
1 0.5324519230769231 0.3641826923076923 0.08173076923076923 0.09375
1 0.31850961538461536 0.4026442307692308 0.057692307692307696 0.13942307692307693
1 0.6310096153846154 0.36658653846153844 0.06971153846153846 0.13942307692307693
1 0.4411057692307692 0.4110576923076923 0.06490384615384616 0.13942307692307693
1 0.38822115384615385 0.4495192307692308 0.07211538461538461 0.12740384615384615
1 0.28846153846153844 0.4651442307692308 0.07451923076923077 0.10576923076923077
1 0.5024038461538461 0.44471153846153844 0.07211538461538461 0.11298076923076923