1 0.5697115384615384 0.5048076923076923 0.06009615384615385 0.1346153846153846
1 0.6634615384615384 0.5324519230769231 0.0889423076923077 0.10336538461538461
1 0.36899038461538464 0.48677884615384615 0.0625 0.14182692307692307
1 0.4411057692307692 0.5516826923076923 0.0673076923076923 0.14423076923076922
1 0.3004807692307692 0.5456730769230769 0.0889423076923077 0.1346153846153846
1 0.375 0.578125 0.07451923076923077 0.15144230769230768
1 0.48677884615384615 0.6081730769230769 0.06971153846153846 0.1466346153846154
1 0.5625 0.640625 0.08413461538461539 0.14182692307692307
1 0.22115384615384615 0.5889423076923077 0.08653846153846154 0.13221153846153846
1 0.6382211538461539 0.6646634615384616 0.0889423076923077 0.13701923076923078
1 0.328125 0.6622596153846154 0.07451923076923077 0.15384615384615385
1 0.4074519230769231 0.7067307692307693 0.06971153846153846 0.1658653846153846
1 0.4675480769230769 0.7175480769230769 0.08653846153846154 0.10336538461538461
1 0.26802884615384615 0.7067307692307693 0.08413461538461539 0.12980769230769232
1 0.5240384615384616 0.7764423076923077 0.09375 0.09134615384615384
1 0.35336538461538464 0.7752403846153846 0.08653846153846154 0.10336538461538461
1 0.4338942307692308 0.7980769230769231 0.09134615384615384 0.09134615384615384
1 0.5649038461538461 0.296875 0.07932692307692307 0.08413461538461539
1 0.4326923076923077 0.3161057692307692 0.06971153846153846 0.12259615384615384
1 0.5721153846153846 0.38100961538461536 0.08413461538461539 0.09615384615384616
1 0.3581730769230769 0.35216346153846156 0.0625 0.14182692307692307
1 0.6658653846153846 0.41346153846153844 0.07451923076923077 0.13942307692307693
1 0.47115384615384615 0.39783653846153844 0.0673076923076923 0.13942307692307693
1 0.4098557692307692 0.4182692307692308 0.07451923076923077 0.12980769230769232
1 0.31009615384615385 0.4014423076923077 0.07692307692307693 0.10817307692307693
1 0.5192307692307693 0.4483173076923077 0.07692307692307693 0.11538461538461539