0 0.6911057692307693 0.4338942307692308 0.06971153846153846 0.10336538461538461
0 0.5408653846153846 0.47836538461538464 0.06971153846153846 0.10096153846153846
1 0.21514423076923078 0.578125 0.10817307692307693 0.14903846153846154
1 0.4411057692307692 0.5300480769230769 0.11057692307692307 0.14182692307692307
1 0.2860576923076923 0.5877403846153846 0.08173076923076923 0.17548076923076922
0 0.6742788461538461 0.5132211538461539 0.07211538461538461 0.11057692307692307
1 0.33533653846153844 0.6021634615384616 0.10576923076923077 0.16105769230769232
0 0.3858173076923077 0.5925480769230769 0.07211538461538461 0.11778846153846154
0 0.5901442307692307 0.5432692307692307 0.07211538461538461 0.10576923076923077
1 0.5096153846153846 0.6081730769230769 0.10817307692307693 0.17067307692307693
0 0.6346153846153846 0.6141826923076923 0.07932692307692307 0.10817307692307693
0 0.7331730769230769 0.6346153846153846 0.07932692307692307 0.11538461538461539
0 0.6394230769230769 0.7103365384615384 0.08173076923076923 0.12740384615384615
0 0.5901442307692307 0.7367788461538461 0.08653846153846154 0.12980769230769232
1 0.26322115384615385 0.18389423076923078 0.08653846153846154 0.11778846153846154
1 0.23076923076923078 0.203125 0.08653846153846154 0.12259615384615384
1 0.33533653846153844 0.18028846153846154 0.09615384615384616 0.11298076923076923
1 0.16826923076923078 0.234375 0.09134615384615384 0.10576923076923077
1 0.40024038461538464 0.2127403846153846 0.07211538461538461 0.13701923076923078
1 0.22956730769230768 0.2644230769230769 0.0889423076923077 0.13221153846153846
1 0.29927884615384615 0.2608173076923077 0.09375 0.11298076923076923
1 0.35697115384615385 0.25600961538461536 0.07692307692307693 0.1346153846153846
1 0.4651442307692308 0.23076923076923078 0.09375 0.09615384615384616
1 0.19230769230769232 0.31009615384615385 0.09615384615384616 0.09615384615384616
1 0.2776442307692308 0.33774038461538464 0.09134615384615384 0.14182692307692307
0 0.47716346153846156 0.29927884615384615 0.0673076923076923 0.09134615384615384
1 0.21514423076923078 0.3701923076923077 0.0985576923076923 0.10096153846153846
1 0.34615384615384615 0.33774038461538464 0.09615384615384616 0.11778846153846154
1 0.4254807692307692 0.32091346153846156 0.09134615384615384 0.13221153846153846
0 0.5564903846153846 0.3016826923076923 0.06009615384615385 0.09375
1 0.16466346153846154 0.4338942307692308 0.10817307692307693 0.10096153846153846
1 0.4375 0.39663461538461536 0.10096153846153846 0.13942307692307693
0 0.5408653846153846 0.37259615384615385 0.06009615384615385 0.0889423076923077
0 0.4879807692307692 0.390625 0.0625 0.0889423076923077
1 0.27524038461538464 0.4495192307692308 0.10096153846153846 0.12980769230769232
1 0.35096153846153844 0.44711538461538464 0.08413461538461539 0.16346153846153846
1 0.3942307692307692 0.4411057692307692 0.08413461538461539 0.15384615384615385
0 0.59375 0.40024038461538464 0.0673076923076923 0.10336538461538461
1 0.3112980769230769 0.4855769230769231 0.09615384615384616 0.15625
1 0.2247596153846154 0.5108173076923077 0.0985576923076923 0.13701923076923078
0 0.5685096153846154 0.4387019230769231 0.06971153846153846 0.10096153846153846