1 0.5697115384615384 0.5012019230769231 0.052884615384615384 0.13221153846153846
1 0.6658653846153846 0.5240384615384616 0.08413461538461539 0.0985576923076923
1 0.36899038461538464 0.49399038461538464 0.055288461538461536 0.14182692307692307
1 0.44350961538461536 0.5552884615384616 0.06009615384615385 0.14423076923076922
1 0.30288461538461536 0.5552884615384616 0.08413461538461539 0.13221153846153846
1 0.3798076923076923 0.5841346153846154 0.0673076923076923 0.15144230769230768
1 0.49278846153846156 0.6081730769230769 0.0625 0.1466346153846154
1 0.5697115384615384 0.6370192307692307 0.07932692307692307 0.13942307692307693
1 0.22596153846153846 0.6033653846153846 0.07932692307692307 0.12740384615384615
1 0.6466346153846154 0.6574519230769231 0.08413461538461539 0.1346153846153846
1 0.33774038461538464 0.671875 0.0673076923076923 0.15144230769230768
1 0.4182692307692308 0.7115384615384616 0.0625 0.1658653846153846
1 0.4795673076923077 0.71875 0.08173076923076923 0.0985576923076923
1 0.27884615384615385 0.71875 0.07932692307692307 0.12740384615384615
1 0.5384615384615384 0.7752403846153846 0.09134615384615384 0.0889423076923077
1 0.36778846153846156 0.7824519230769231 0.08173076923076923 0.10096153846153846
1 0.4495192307692308 0.8016826923076923 0.0889423076923077 0.08653846153846154
1 0.5540865384615384 0.2932692307692308 0.07692307692307693 0.08173076923076923
1 0.4230769230769231 0.31971153846153844 0.06490384615384616 0.12259615384615384
1 0.5661057692307693 0.37740384615384615 0.07932692307692307 0.09375
1 0.34975961538461536 0.359375 0.055288461538461536 0.13942307692307693
1 0.6610576923076923 0.4050480769230769 0.0673076923076923 0.13942307692307693
1 0.46634615384615385 0.39903846153846156 0.0625 0.13701923076923078
1 0.4050480769230769 0.4230769230769231 0.06971153846153846 0.12740384615384615
1 0.30528846153846156 0.41225961538461536 0.07211538461538461 0.10576923076923077
1 0.515625 0.44711538461538464 0.07211538461538461 0.11298076923076923