0 0.34134615384615385 0.44471153846153844 0.057692307692307696 0.0985576923076923
0 0.5204326923076923 0.4651442307692308 0.06009615384615385 0.10096153846153846
0 0.2692307692307692 0.3161057692307692 0.06971153846153846 0.10817307692307693
0 0.3629807692307692 0.32091346153846156 0.06490384615384616 0.10336538461538461
0 0.41225961538461536 0.23677884615384615 0.0673076923076923 0.11057692307692307
0 0.3641826923076923 0.21153846153846154 0.0673076923076923 0.11298076923076923
0 0.4338942307692308 0.8052884615384616 0.057692307692307696 0.0985576923076923
0 0.578125 0.8028846153846154 0.06009615384615385 0.09615384615384616
0 0.3473557692307692 0.7307692307692307 0.057692307692307696 0.10096153846153846
0 0.20793269230769232 0.7055288461538461 0.06490384615384616 0.0985576923076923
0 0.6334134615384616 0.7524038461538461 0.057692307692307696 0.09615384615384616
0 0.5997596153846154 0.7055288461538461 0.055288461538461536 0.0985576923076923
0 0.16826923076923078 0.5985576923076923 0.06971153846153846 0.10817307692307693
0 0.4338942307692308 0.6334134615384616 0.055288461538461536 0.09375
0 0.4807692307692308 0.6346153846153846 0.057692307692307696 0.09615384615384616
0 0.31850961538461536 0.5997596153846154 0.06009615384615385 0.09615384615384616
0 0.5829326923076923 0.6189903846153846 0.06009615384615385 0.0985576923076923
0 0.4266826923076923 0.5600961538461539 0.055288461538461536 0.09615384615384616
0 0.6490384615384616 0.5973557692307693 0.06490384615384616 0.0985576923076923
0 0.31490384615384615 0.5228365384615384 0.06490384615384616 0.09615384615384616
0 0.46634615384615385 0.5456730769230769 0.06009615384615385 0.0985576923076923
0 0.5108173076923077 0.5516826923076923 0.06490384615384616 0.0985576923076923
0 0.375 0.5144230769230769 0.055288461538461536 0.10336538461538461