1 0.4495192307692308 0.5132211538461539 0.08653846153846154 0.15625
1 0.5661057692307693 0.4362980769230769 0.07211538461538461 0.17067307692307693
1 0.6550480769230769 0.3942307692307692 0.09615384615384616 0.16346153846153846
1 0.40865384615384615 0.4050480769230769 0.10096153846153846 0.10576923076923077
1 0.328125 0.40865384615384615 0.10336538461538461 0.13701923076923078
1 0.4675480769230769 0.35697115384615385 0.07692307692307693 0.17307692307692307
1 0.5649038461538461 0.3112980769230769 0.0889423076923077 0.14903846153846154
1 0.7127403846153846 0.27524038461538464 0.10576923076923077 0.13221153846153846
1 0.3942307692307692 0.3004807692307692 0.10817307692307693 0.11778846153846154
1 0.6033653846153846 0.21033653846153846 0.10576923076923077 0.13221153846153846
1 0.47836538461538464 0.23317307692307693 0.0985576923076923 0.11057692307692307
1 0.5444711538461539 0.8581730769230769 0.08413461538461539 0.11538461538461539
1 0.3918269230769231 0.8365384615384616 0.08653846153846154 0.13942307692307693
1 0.49278846153846156 0.7980769230769231 0.08653846153846154 0.12259615384615384
1 0.6574519230769231 0.7331730769230769 0.0985576923076923 0.14182692307692307
1 0.33533653846153844 0.7415865384615384 0.10096153846153846 0.125
1 0.5721153846153846 0.6899038461538461 0.0673076923076923 0.16346153846153846
1 0.5048076923076923 0.6899038461538461 0.09615384615384616 0.1201923076923077
1 0.7115384615384616 0.6286057692307693 0.08413461538461539 0.15384615384615385
1 0.42908653846153844 0.6766826923076923 0.07451923076923077 0.16346153846153846
1 0.6237980769230769 0.6237980769230769 0.09375 0.1346153846153846
1 0.7307692307692307 0.5396634615384616 0.10336538461538461 0.10336538461538461
1 0.28846153846153844 0.6009615384615384 0.10096153846153846 0.14182692307692307
1 0.6237980769230769 0.515625 0.06490384615384616 0.15625
1 0.36658653846153844 0.5576923076923077 0.0985576923076923 0.13942307692307693
1 0.5228365384615384 0.5288461538461539 0.0673076923076923 0.1658653846153846