1 0.42788461538461536 0.4699519230769231 0.06971153846153846 0.14903846153846154
1 0.3605769230769231 0.47115384615384615 0.07211538461538461 0.14182692307692307
1 0.6538461538461539 0.5396634615384616 0.0985576923076923 0.12259615384615384
1 0.47115384615384615 0.5492788461538461 0.055288461538461536 0.15384615384615385
1 0.3088942307692308 0.5360576923076923 0.0625 0.1658653846153846
1 0.24519230769230768 0.5456730769230769 0.08173076923076923 0.14903846153846154
1 0.546875 0.6129807692307693 0.06971153846153846 0.15625
1 0.38341346153846156 0.6105769230769231 0.06490384615384616 0.16105769230769232
1 0.44591346153846156 0.6502403846153846 0.08413461538461539 0.11778846153846154
1 0.6201923076923077 0.6694711538461539 0.08173076923076923 0.1658653846153846
1 0.32211538461538464 0.6694711538461539 0.08173076923076923 0.13701923076923078
1 0.40625 0.7163461538461539 0.09375 0.1201923076923077
1 0.4951923076923077 0.7391826923076923 0.09615384615384616 0.11298076923076923
1 0.4387019230769231 0.21634615384615385 0.057692307692307696 0.1346153846153846
1 0.35697115384615385 0.21995192307692307 0.06009615384615385 0.14182692307692307
1 0.5649038461538461 0.2536057692307692 0.07451923076923077 0.08413461538461539
1 0.3076923076923077 0.2512019230769231 0.07451923076923077 0.13221153846153846
1 0.46634615384615385 0.31971153846153844 0.06490384615384616 0.1346153846153846
1 0.4074519230769231 0.32091346153846156 0.057692307692307696 0.14903846153846154
1 0.5685096153846154 0.3389423076923077 0.07932692307692307 0.08413461538461539
1 0.36177884615384615 0.3701923076923077 0.06490384615384616 0.13221153846153846
1 0.5096153846153846 0.39302884615384615 0.07211538461538461 0.1346153846153846
1 0.6610576923076923 0.41947115384615385 0.06490384615384616 0.1466346153846154
1 0.28966346153846156 0.4050480769230769 0.08173076923076923 0.11057692307692307
1 0.21153846153846154 0.4026442307692308 0.07932692307692307 0.13942307692307693
1 0.5552884615384616 0.4723557692307692 0.06490384615384616 0.12980769230769232