0 0.5504807692307693 0.46875 0.05048076923076923 0.08413461538461539
0 0.296875 0.5168269230769231 0.055288461538461536 0.08653846153846154
0 0.5913461538461539 0.47115384615384615 0.052884615384615384 0.0889423076923077
0 0.35216346153846156 0.5264423076923077 0.057692307692307696 0.09375
0 0.42788461538461536 0.5420673076923077 0.055288461538461536 0.09134615384615384
0 0.5384615384615384 0.5288461538461539 0.055288461538461536 0.09134615384615384
0 0.3293269230769231 0.5745192307692307 0.052884615384615384 0.07932692307692307
0 0.640625 0.5372596153846154 0.057692307692307696 0.09134615384615384
0 0.5264423076923077 0.6189903846153846 0.055288461538461536 0.09375
0 0.34615384615384615 0.6514423076923077 0.06009615384615385 0.10096153846153846
0 0.30528846153846156 0.6670673076923077 0.057692307692307696 0.09134615384615384
0 0.41225961538461536 0.6887019230769231 0.06009615384615385 0.0985576923076923
0 0.3545673076923077 0.2692307692307692 0.055288461538461536 0.08653846153846154
0 0.39903846153846156 0.29447115384615385 0.052884615384615384 0.09134615384615384
0 0.21394230769230768 0.3389423076923077 0.06009615384615385 0.0985576923076923
0 0.4807692307692308 0.30649038461538464 0.052884615384615384 0.08653846153846154
0 0.41466346153846156 0.39903846153846156 0.05048076923076923 0.08413461538461539
0 0.33413461538461536 0.4362980769230769 0.052884615384615384 0.08653846153846154
0 0.5144230769230769 0.42788461538461536 0.05048076923076923 0.08413461538461539
0 0.3737980769230769 0.4723557692307692 0.05048076923076923 0.08653846153846154
0 0.4110576923076923 0.46634615384615385 0.04807692307692308 0.07692307692307693
0 0.4495192307692308 0.46033653846153844 0.05048076923076923 0.08413461538461539
0 0.4855769230769231 0.45552884615384615 0.04807692307692308 0.08653846153846154