0 0.5588942307692307 0.5120192307692307 0.04807692307692308 0.0889423076923077
1 0.43990384615384615 0.5012019230769231 0.055288461538461536 0.1466346153846154
0 0.6622596153846154 0.53125 0.052884615384615384 0.08173076923076923
1 0.4050480769230769 0.5060096153846154 0.05048076923076923 0.14182692307692307
1 0.33413461538461536 0.5144230769230769 0.06971153846153846 0.125
0 0.5877403846153846 0.5625 0.055288461538461536 0.0985576923076923
1 0.36538461538461536 0.5420673076923077 0.057692307692307696 0.14903846153846154
1 0.46274038461538464 0.5709134615384616 0.08173076923076923 0.15384615384615385
1 0.27884615384615385 0.5685096153846154 0.08173076923076923 0.10817307692307693
0 0.6826923076923077 0.6346153846153846 0.052884615384615384 0.0889423076923077
0 0.6129807692307693 0.6274038461538461 0.04807692307692308 0.07692307692307693
1 0.5072115384615384 0.6274038461538461 0.07451923076923077 0.15865384615384615
0 0.4074519230769231 0.6358173076923077 0.04807692307692308 0.09375
1 0.3605769230769231 0.6454326923076923 0.07211538461538461 0.16346153846153846
1 0.31971153846153844 0.6418269230769231 0.06490384615384616 0.17067307692307693
1 0.2512019230769231 0.6430288461538461 0.09134615384615384 0.12259615384615384
0 0.5985576923076923 0.7067307692307693 0.06009615384615385 0.09375
0 0.5552884615384616 0.7391826923076923 0.055288461538461536 0.09615384615384616
1 0.4362980769230769 0.2403846153846154 0.07932692307692307 0.08173076923076923
1 0.3737980769230769 0.2536057692307692 0.07692307692307693 0.08653846153846154
1 0.4891826923076923 0.27163461538461536 0.057692307692307696 0.13701923076923078
1 0.5372596153846154 0.29447115384615385 0.07932692307692307 0.09134615384615384
1 0.33533653846153844 0.2800480769230769 0.06971153846153846 0.08413461538461539
1 0.4411057692307692 0.32211538461538464 0.06490384615384616 0.11057692307692307
1 0.27403846153846156 0.30288461538461536 0.07692307692307693 0.13221153846153846
0 0.6045673076923077 0.3473557692307692 0.05048076923076923 0.07932692307692307
1 0.3894230769230769 0.32572115384615385 0.07932692307692307 0.09375
0 0.5360576923076923 0.34975961538461536 0.05048076923076923 0.08413461538461539
1 0.32211538461538464 0.34375 0.07211538461538461 0.10096153846153846
1 0.49158653846153844 0.37259615384615385 0.07211538461538461 0.10096153846153846
0 0.5793269230769231 0.41586538461538464 0.04567307692307692 0.08173076923076923
1 0.4182692307692308 0.39903846153846156 0.08173076923076923 0.08653846153846154
1 0.28365384615384615 0.38822115384615385 0.08653846153846154 0.09615384615384616
0 0.6177884615384616 0.4362980769230769 0.04807692307692308 0.0889423076923077
1 0.3545673076923077 0.40865384615384615 0.0673076923076923 0.13701923076923078
0 0.5300480769230769 0.4326923076923077 0.04567307692307692 0.0889423076923077
0 0.6911057692307693 0.45552884615384615 0.05048076923076923 0.08413461538461539
1 0.48677884615384615 0.4483173076923077 0.08413461538461539 0.11057692307692307
0 0.5877403846153846 0.47115384615384615 0.05048076923076923 0.08653846153846154
1 0.2920673076923077 0.44350961538461536 0.08413461538461539 0.0889423076923077