1 0.5697115384615384 0.4963942307692308 0.057692307692307696 0.1346153846153846
1 0.6646634615384616 0.4699519230769231 0.0889423076923077 0.10096153846153846
1 0.36899038461538464 0.5108173076923077 0.06009615384615385 0.14182692307692307
1 0.4423076923076923 0.44711538461538464 0.06490384615384616 0.14423076923076922
1 0.3016826923076923 0.45072115384615385 0.08653846153846154 0.1346153846153846
1 0.3762019230769231 0.41947115384615385 0.07211538461538461 0.15144230769230768
1 0.4891826923076923 0.3918269230769231 0.0673076923076923 0.1466346153846154
1 0.5649038461538461 0.3605769230769231 0.08173076923076923 0.14182692307692307
1 0.22235576923076922 0.40625 0.08413461538461539 0.12980769230769232
1 0.640625 0.33774038461538464 0.08653846153846154 0.13701923076923078
1 0.3317307692307692 0.33413461538461536 0.07211538461538461 0.15384615384615385
1 0.4110576923076923 0.29086538461538464 0.0673076923076923 0.1658653846153846
1 0.47115384615384615 0.28125 0.08653846153846154 0.10096153846153846
1 0.27163461538461536 0.28966346153846156 0.08173076923076923 0.12980769230769232
1 0.5288461538461539 0.22355769230769232 0.09375 0.09134615384615384
1 0.3581730769230769 0.22235576923076922 0.08413461538461539 0.10336538461538461
1 0.4387019230769231 0.20072115384615385 0.09134615384615384 0.0889423076923077
1 0.5612980769230769 0.7043269230769231 0.07932692307692307 0.08413461538461539
1 0.42908653846153844 0.6826923076923077 0.0673076923076923 0.12259615384615384
1 0.5697115384615384 0.6201923076923077 0.08173076923076923 0.09615384615384616
1 0.3545673076923077 0.6454326923076923 0.06009615384615385 0.13942307692307693
1 0.6634615384615384 0.5901442307692307 0.07211538461538461 0.13942307692307693
1 0.4699519230769231 0.6021634615384616 0.06490384615384616 0.13942307692307693
1 0.40865384615384615 0.5805288461538461 0.07451923076923077 0.12740384615384615
1 0.3076923076923077 0.5949519230769231 0.07692307692307693 0.10576923076923077
1 0.5180288461538461 0.5516826923076923 0.07451923076923077 0.11538461538461539