0 0.5576923076923077 0.515625 0.052884615384615384 0.09134615384615384
1 0.43990384615384615 0.4963942307692308 0.06490384615384616 0.1466346153846154
0 0.6598557692307693 0.5420673076923077 0.057692307692307696 0.08413461538461539
1 0.4050480769230769 0.5 0.06009615384615385 0.14182692307692307
1 0.33413461538461536 0.5036057692307693 0.07932692307692307 0.12980769230769232
0 0.5829326923076923 0.5685096153846154 0.0625 0.10096153846153846
1 0.3629807692307692 0.5324519230769231 0.0673076923076923 0.15144230769230768
1 0.4579326923076923 0.5673076923076923 0.09134615384615384 0.15625
1 0.27403846153846156 0.5528846153846154 0.08653846153846154 0.11298076923076923
0 0.6730769230769231 0.6478365384615384 0.057692307692307696 0.09134615384615384
0 0.6033653846153846 0.6346153846153846 0.052884615384615384 0.07932692307692307
1 0.4987980769230769 0.6274038461538461 0.08413461538461539 0.16105769230769232
0 0.39783653846153844 0.6298076923076923 0.055288461538461536 0.09375
1 0.35096153846153844 0.6346153846153846 0.08413461538461539 0.1658653846153846
1 0.31009615384615385 0.6286057692307693 0.07451923076923077 0.17067307692307693
1 0.24158653846153846 0.625 0.0985576923076923 0.125
0 0.5829326923076923 0.7139423076923077 0.06490384615384616 0.09615384615384616
0 0.5384615384615384 0.7427884615384616 0.0625 0.09615384615384616
1 0.4543269230769231 0.23677884615384615 0.08173076923076923 0.08653846153846154
1 0.3918269230769231 0.24519230769230768 0.08173076923076923 0.09134615384615384
1 0.5048076923076923 0.2704326923076923 0.06490384615384616 0.13942307692307693
1 0.5516826923076923 0.296875 0.08413461538461539 0.09615384615384616
1 0.35096153846153844 0.2692307692307692 0.07451923076923077 0.0889423076923077
1 0.453125 0.31850961538461536 0.07211538461538461 0.11298076923076923
1 0.28846153846153844 0.28725961538461536 0.08653846153846154 0.1346153846153846
0 0.6153846153846154 0.3545673076923077 0.055288461538461536 0.08173076923076923
1 0.4014423076923077 0.31850961538461536 0.08413461538461539 0.09615384615384616
0 0.546875 0.35216346153846156 0.055288461538461536 0.08653846153846154
1 0.3329326923076923 0.3317307692307692 0.07692307692307693 0.10336538461538461
1 0.5 0.37259615384615385 0.07692307692307693 0.10576923076923077
0 0.5853365384615384 0.4206730769230769 0.05048076923076923 0.08413461538461539
1 0.4254807692307692 0.39302884615384615 0.08653846153846154 0.09134615384615384
1 0.2920673076923077 0.3737980769230769 0.09134615384615384 0.10096153846153846
0 0.6225961538461539 0.44471153846153844 0.052884615384615384 0.09134615384615384
1 0.36177884615384615 0.39903846153846156 0.07451923076923077 0.13942307692307693
0 0.5348557692307693 0.43509615384615385 0.05048076923076923 0.0889423076923077
0 0.6935096153846154 0.46875 0.055288461538461536 0.08653846153846154
1 0.49038461538461536 0.4483173076923077 0.0889423076923077 0.11538461538461539
0 0.5901442307692307 0.47716346153846156 0.055288461538461536 0.0889423076923077
1 0.296875 0.42908653846153844 0.0889423076923077 0.09134615384615384