0 0.34375 0.5600961538461539 0.06009615384615385 0.10096153846153846
0 0.5216346153846154 0.5348557692307693 0.06490384615384616 0.10096153846153846
0 0.27524038461538464 0.6911057692307693 0.07211538461538461 0.10817307692307693
0 0.36899038461538464 0.6838942307692307 0.0673076923076923 0.10576923076923077
0 0.421875 0.765625 0.06971153846153846 0.11057692307692307
0 0.3737980769230769 0.7932692307692307 0.07211538461538461 0.11538461538461539
0 0.4230769230769231 0.1971153846153846 0.06009615384615385 0.10096153846153846
0 0.5673076923076923 0.19471153846153846 0.0625 0.0985576923076923
0 0.3389423076923077 0.27524038461538464 0.0625 0.10096153846153846
0 0.20072115384615385 0.30408653846153844 0.0673076923076923 0.0985576923076923
0 0.625 0.2439903846153846 0.06009615384615385 0.09615384615384616
0 0.5925480769230769 0.29086538461538464 0.057692307692307696 0.0985576923076923
0 0.16466346153846154 0.41225961538461536 0.07451923076923077 0.10817307692307693
0 0.42908653846153844 0.36899038461538464 0.057692307692307696 0.09615384615384616
0 0.47596153846153844 0.36658653846153844 0.06009615384615385 0.09615384615384616
0 0.31490384615384615 0.40625 0.0625 0.09615384615384616
0 0.578125 0.37740384615384615 0.0625 0.0985576923076923
0 0.4254807692307692 0.4423076923076923 0.057692307692307696 0.09615384615384616
0 0.6454326923076923 0.39783653846153844 0.0673076923076923 0.10096153846153846
0 0.31490384615384615 0.484375 0.0673076923076923 0.0985576923076923
0 0.4651442307692308 0.45552884615384615 0.0625 0.0985576923076923
0 0.5084134615384616 0.4483173076923077 0.0673076923076923 0.0985576923076923
0 0.375 0.4891826923076923 0.06009615384615385 0.10336538461538461