0 0.6454326923076923 0.5048076923076923 0.06490384615384616 0.0985576923076923
0 0.5252403846153846 0.49038461538461536 0.0625 0.0889423076923077
0 0.3858173076923077 0.4639423076923077 0.0625 0.10336538461538461
0 0.2764423076923077 0.5 0.06971153846153846 0.11298076923076923
0 0.7067307692307693 0.6586538461538461 0.06971153846153846 0.10336538461538461
0 0.5552884615384616 0.6923076923076923 0.0673076923076923 0.10817307692307693
0 0.4639423076923077 0.6814903846153846 0.0625 0.10336538461538461
0 0.3545673076923077 0.6766826923076923 0.07211538461538461 0.10817307692307693
0 0.6081730769230769 0.7680288461538461 0.0673076923076923 0.11057692307692307
0 0.6778846153846154 0.21995192307692307 0.057692307692307696 0.08653846153846154
0 0.7704326923076923 0.2800480769230769 0.0625 0.0985576923076923
0 0.4675480769230769 0.24519230769230768 0.06490384615384616 0.10576923076923077
0 0.6971153846153846 0.31971153846153844 0.0625 0.0889423076923077
0 0.5721153846153846 0.2920673076923077 0.057692307692307696 0.08653846153846154
0 0.3894230769230769 0.25600961538461536 0.06490384615384616 0.10336538461538461
0 0.8064903846153846 0.38100961538461536 0.06009615384615385 0.10096153846153846
0 0.6237980769230769 0.359375 0.06009615384615385 0.0889423076923077
0 0.53125 0.34375 0.06009615384615385 0.0889423076923077
0 0.3798076923076923 0.3449519230769231 0.06490384615384616 0.10096153846153846
0 0.7463942307692307 0.43990384615384615 0.0625 0.0985576923076923
0 0.46634615384615385 0.44471153846153844 0.0625 0.09134615384615384
0 0.6033653846153846 0.49278846153846156 0.06490384615384616 0.10096153846153846