0 0.3545673076923077 0.4879807692307692 0.055288461538461536 0.09615384615384616
0 0.47596153846153844 0.48677884615384615 0.052884615384615384 0.08653846153846154
0 0.6177884615384616 0.47836538461538464 0.052884615384615384 0.0985576923076923
0 0.7211538461538461 0.5276442307692307 0.057692307692307696 0.11057692307692307
0 0.27524038461538464 0.6322115384615384 0.057692307692307696 0.0985576923076923
0 0.421875 0.6838942307692307 0.057692307692307696 0.10336538461538461
0 0.5132211538461539 0.6850961538461539 0.052884615384615384 0.0985576923076923
0 0.6225961538461539 0.6923076923076923 0.06009615384615385 0.10336538461538461
0 0.359375 0.7524038461538461 0.055288461538461536 0.10817307692307693
0 0.35697115384615385 0.20072115384615385 0.04807692307692308 0.08413461538461539
0 0.25841346153846156 0.24879807692307693 0.052884615384615384 0.09375
0 0.5637019230769231 0.2512019230769231 0.055288461538461536 0.10096153846153846
0 0.3269230769230769 0.296875 0.052884615384615384 0.08413461538461539
0 0.453125 0.2848557692307692 0.05048076923076923 0.08173076923076923
0 0.6394230769230769 0.27163461538461536 0.055288461538461536 0.0985576923076923
0 0.21033653846153846 0.34375 0.05048076923076923 0.0985576923076923
0 0.3942307692307692 0.3449519230769231 0.05048076923076923 0.08413461538461539
0 0.4879807692307692 0.3401442307692308 0.05048076923076923 0.08413461538461539
0 0.6382211538461539 0.3605769230769231 0.052884615384615384 0.09615384615384616
0 0.26322115384615385 0.4098557692307692 0.052884615384615384 0.09615384615384616
0 0.5408653846153846 0.4495192307692308 0.052884615384615384 0.0889423076923077
0 0.39903846153846156 0.4807692307692308 0.052884615384615384 0.0985576923076923