1 0.3605769230769231 0.4963942307692308 0.038461538461538464 0.15384615384615385
0 0.6971153846153846 0.5060096153846154 0.04807692307692308 0.10576923076923077
1 0.4795673076923077 0.515625 0.04326923076923077 0.16346153846153846
1 0.26802884615384615 0.5348557692307693 0.08173076923076923 0.12740384615384615
1 0.4411057692307692 0.5528846153846154 0.057692307692307696 0.15384615384615385
1 0.296875 0.5721153846153846 0.08173076923076923 0.11538461538461539
1 0.53125 0.5757211538461539 0.05048076923076923 0.18269230769230768
1 0.5925480769230769 0.59375 0.04567307692307692 0.18269230769230768
0 0.7091346153846154 0.5973557692307693 0.04326923076923077 0.09615384615384616
1 0.3713942307692308 0.6153846153846154 0.04807692307692308 0.1778846153846154
1 0.41466346153846156 0.6201923076923077 0.04326923076923077 0.17307692307692307
0 0.6778846153846154 0.6622596153846154 0.04807692307692308 0.10336538461538461
0 0.49038461538461536 0.6875 0.04807692307692308 0.10336538461538461
1 0.25600961538461536 0.6983173076923077 0.08173076923076923 0.15384615384615385
1 0.3269230769230769 0.7295673076923077 0.09375 0.09134615384615384
1 0.44711538461538464 0.734375 0.04326923076923077 0.20432692307692307
1 0.4014423076923077 0.7608173076923077 0.06009615384615385 0.1778846153846154
1 0.3269230769230769 0.8257211538461539 0.10096153846153846 0.0985576923076923
1 0.5120192307692307 0.234375 0.07211538461538461 0.0985576923076923
0 0.59375 0.2403846153846154 0.04326923076923077 0.09134615384615384
1 0.4543269230769231 0.25240384615384615 0.055288461538461536 0.13942307692307693
1 0.3858173076923077 0.2644230769230769 0.08173076923076923 0.09134615384615384
0 0.7139423076923077 0.2860576923076923 0.04326923076923077 0.08173076923076923
0 0.53125 0.2932692307692308 0.04807692307692308 0.0889423076923077
1 0.31850961538461536 0.3173076923076923 0.08653846153846154 0.09134615384615384
0 0.6370192307692307 0.3173076923076923 0.04326923076923077 0.08413461538461539
0 0.5901442307692307 0.328125 0.038461538461538464 0.08173076923076923
1 0.41466346153846156 0.34134615384615385 0.07692307692307693 0.10336538461538461
1 0.4891826923076923 0.3605769230769231 0.07692307692307693 0.0985576923076923
1 0.2860576923076923 0.36778846153846156 0.08653846153846154 0.08653846153846154
0 0.7127403846153846 0.3762019230769231 0.04326923076923077 0.08653846153846154
0 0.625 0.37740384615384615 0.040865384615384616 0.08413461538461539
1 0.3629807692307692 0.38461538461538464 0.08173076923076923 0.07932692307692307
0 0.5492788461538461 0.38822115384615385 0.04326923076923077 0.10096153846153846
1 0.5060096153846154 0.4230769230769231 0.08173076923076923 0.08653846153846154
1 0.4182692307692308 0.4338942307692308 0.08413461538461539 0.08173076923076923
0 0.6033653846153846 0.4375 0.04326923076923077 0.0889423076923077
1 0.2980769230769231 0.44350961538461536 0.09134615384615384 0.09134615384615384
1 0.22355769230769232 0.4543269230769231 0.0673076923076923 0.16346153846153846
0 0.7668269230769231 0.45913461538461536 0.04567307692307692 0.10096153846153846
0 0.6514423076923077 0.4639423076923077 0.04326923076923077 0.09134615384615384