0 0.4411057692307692 0.5096153846153846 0.057692307692307696 0.09134615384615384
1 0.5564903846153846 0.47716346153846156 0.07211538461538461 0.1466346153846154
0 0.33774038461538464 0.5288461538461539 0.06009615384615385 0.08653846153846154
1 0.5865384615384616 0.46033653846153844 0.0673076923076923 0.14182692307692307
1 0.6490384615384616 0.4266826923076923 0.08413461538461539 0.12980769230769232
0 0.3954326923076923 0.4723557692307692 0.06490384615384616 0.10096153846153846
1 0.6105769230769231 0.41346153846153844 0.07451923076923077 0.15144230769230768
1 0.5096153846153846 0.4206730769230769 0.09615384615384616 0.15865384615384615
1 0.6826923076923077 0.35697115384615385 0.09134615384615384 0.11538461538461539
0 0.2800480769230769 0.43990384615384615 0.0625 0.09375
0 0.3485576923076923 0.4206730769230769 0.055288461538461536 0.07932692307692307
1 0.44711538461538464 0.38461538461538464 0.09134615384615384 0.16105769230769232
0 0.5384615384615384 0.3389423076923077 0.057692307692307696 0.09615384615384616
1 0.578125 0.31490384615384615 0.09134615384615384 0.1658653846153846
1 0.6177884615384616 0.30288461538461536 0.08413461538461539 0.17067307692307693
1 0.6814903846153846 0.2776442307692308 0.10336538461538461 0.12740384615384615
0 0.33413461538461536 0.34134615384615385 0.06971153846153846 0.0985576923076923
0 0.3629807692307692 0.296875 0.0673076923076923 0.0985576923076923
1 0.6526442307692307 0.7199519230769231 0.08653846153846154 0.0889423076923077
1 0.7055288461538461 0.6850961538461539 0.08413461538461539 0.09375
1 0.5925480769230769 0.7103365384615384 0.07211538461538461 0.13942307692307693
1 0.5384615384615384 0.7055288461538461 0.0889423076923077 0.0985576923076923
1 0.7319711538461539 0.6466346153846154 0.07692307692307693 0.09134615384615384
1 0.6189903846153846 0.6454326923076923 0.07692307692307693 0.11538461538461539
1 0.7824519230769231 0.6033653846153846 0.09134615384615384 0.13701923076923078
0 0.4567307692307692 0.6802884615384616 0.057692307692307696 0.08173076923076923
1 0.6658653846153846 0.6237980769230769 0.08653846153846154 0.0985576923076923
0 0.5192307692307693 0.6538461538461539 0.06009615384615385 0.08653846153846154
1 0.7223557692307693 0.5817307692307693 0.08173076923076923 0.10576923076923077
1 0.5540865384615384 0.6153846153846154 0.08173076923076923 0.10576923076923077
0 0.4567307692307692 0.6069711538461539 0.055288461538461536 0.08413461538461539
1 0.6129807692307693 0.5649038461538461 0.0889423076923077 0.09375
1 0.7415865384615384 0.5264423076923077 0.09375 0.10336538461538461
0 0.41225961538461536 0.6021634615384616 0.057692307692307696 0.09134615384615384
1 0.6682692307692307 0.5336538461538461 0.08173076923076923 0.13942307692307693
0 0.4963942307692308 0.5745192307692307 0.055288461538461536 0.0889423076923077
0 0.33774038461538464 0.609375 0.057692307692307696 0.08653846153846154
1 0.5300480769230769 0.5432692307692307 0.09375 0.11778846153846154
0 0.42788461538461536 0.5588942307692307 0.06009615384615385 0.0889423076923077
1 0.7139423076923077 0.47836538461538464 0.09134615384615384 0.09615384615384616