0 0.6610576923076923 0.5492788461538461 0.055288461538461536 0.0985576923076923
0 0.4807692307692308 0.5360576923076923 0.057692307692307696 0.0985576923076923
0 0.7379807692307693 0.6754807692307693 0.0673076923076923 0.10576923076923077
0 0.6430288461538461 0.6742788461538461 0.06009615384615385 0.10336538461538461
0 0.5973557692307693 0.7596153846153846 0.06490384615384616 0.11057692307692307
0 0.6454326923076923 0.7836538461538461 0.06490384615384616 0.11298076923076923
0 0.5552884615384616 0.19230769230769232 0.055288461538461536 0.0985576923076923
0 0.4110576923076923 0.19951923076923078 0.057692307692307696 0.09615384615384616
0 0.6442307692307693 0.2644230769230769 0.055288461538461536 0.0985576923076923
0 0.7848557692307693 0.28365384615384615 0.0625 0.09615384615384616
0 0.35697115384615385 0.2536057692307692 0.055288461538461536 0.09615384615384616
0 0.3942307692307692 0.2980769230769231 0.052884615384615384 0.09615384615384616
0 0.828125 0.3894230769230769 0.0673076923076923 0.10576923076923077
0 0.5612980769230769 0.3641826923076923 0.052884615384615384 0.09375
0 0.5144230769230769 0.36538461538461536 0.055288461538461536 0.09375
0 0.6778846153846154 0.3942307692307692 0.055288461538461536 0.09375
0 0.41346153846153844 0.38341346153846156 0.057692307692307696 0.09615384615384616
0 0.5709134615384616 0.4375 0.052884615384615384 0.09615384615384616
0 0.3473557692307692 0.40865384615384615 0.0625 0.0985576923076923
0 0.6838942307692307 0.47115384615384615 0.0625 0.09615384615384616
0 0.5324519230769231 0.453125 0.057692307692307696 0.09615384615384616
0 0.4879807692307692 0.4483173076923077 0.0625 0.09615384615384616
0 0.6237980769230769 0.4807692307692308 0.052884615384615384 0.10096153846153846