0 0.18509615384615385 0.546875 0.07211538461538461 0.11057692307692307
0 0.390625 0.5060096153846154 0.06490384615384616 0.10576923076923077
0 0.2548076923076923 0.5600961538461539 0.06971153846153846 0.10336538461538461
0 0.35697115384615385 0.5576923076923077 0.0673076923076923 0.10817307692307693
0 0.6286057692307693 0.5024038461538461 0.06971153846153846 0.10096153846153846
0 0.5432692307692307 0.5973557692307693 0.0673076923076923 0.10817307692307693
0 0.4735576923076923 0.6754807692307693 0.06971153846153846 0.10576923076923077
0 0.33533653846153844 0.7632211538461539 0.07692307692307693 0.11298076923076923
0 0.44591346153846156 0.8064903846153846 0.06971153846153846 0.11298076923076923
0 0.5132211538461539 0.10576923076923077 0.057692307692307696 0.09134615384615384
0 0.44711538461538464 0.1466346153846154 0.06009615384615385 0.09615384615384616
0 0.5396634615384616 0.19110576923076922 0.0625 0.0889423076923077
0 0.2668269230769231 0.27403846153846156 0.0625 0.0985576923076923
0 0.3701923076923077 0.27283653846153844 0.0625 0.0985576923076923
0 0.41947115384615385 0.3004807692307692 0.0625 0.10096153846153846
0 0.6502403846153846 0.27524038461538464 0.0625 0.0985576923076923
0 0.5600961538461539 0.31850961538461536 0.0625 0.0985576923076923
0 0.1971153846153846 0.4050480769230769 0.0673076923076923 0.10576923076923077
0 0.2704326923076923 0.390625 0.06971153846153846 0.10096153846153846
0 0.34134615384615385 0.3786057692307692 0.0625 0.0985576923076923
0 0.49399038461538464 0.35336538461538464 0.0625 0.0985576923076923
0 0.45552884615384615 0.44591346153846156 0.06490384615384616 0.10817307692307693