1 0.6382211538461539 0.48197115384615385 0.055288461538461536 0.15865384615384615
0 0.30408653846153844 0.5264423076923077 0.057692307692307696 0.11057692307692307
1 0.5216346153846154 0.5132211538461539 0.0625 0.16826923076923078
1 0.734375 0.5108173076923077 0.09615384615384616 0.1346153846153846
1 0.5637019230769231 0.546875 0.07211538461538461 0.15865384615384615
1 0.7091346153846154 0.5504807692307693 0.09375 0.12259615384615384
1 0.47716346153846156 0.578125 0.06971153846153846 0.1875
1 0.4182692307692308 0.6033653846153846 0.06490384615384616 0.1875
0 0.3016826923076923 0.6189903846153846 0.055288461538461536 0.10096153846153846
1 0.6394230769230769 0.6009615384615384 0.0673076923076923 0.18269230769230768
1 0.5973557692307693 0.6105769230769231 0.0625 0.17548076923076922
0 0.3401442307692308 0.6802884615384616 0.06009615384615385 0.10817307692307693
0 0.5288461538461539 0.6850961538461539 0.057692307692307696 0.10817307692307693
1 0.7632211538461539 0.671875 0.0985576923076923 0.16105769230769232
1 0.6959134615384616 0.7103365384615384 0.10336538461538461 0.10096153846153846
1 0.5769230769230769 0.7271634615384616 0.06490384615384616 0.20673076923076922
1 0.625 0.7487980769230769 0.07932692307692307 0.18269230769230768
1 0.7067307692307693 0.8052884615384616 0.11057692307692307 0.10817307692307693
1 0.46033653846153844 0.23677884615384615 0.08173076923076923 0.10576923076923077
0 0.3798076923076923 0.2512019230769231 0.052884615384615384 0.09375
1 0.5192307692307693 0.24879807692307693 0.06971153846153846 0.1466346153846154
1 0.5889423076923077 0.2536057692307692 0.09134615384615384 0.0985576923076923
0 0.2644230769230769 0.31009615384615385 0.052884615384615384 0.08653846153846154
0 0.44711538461538464 0.2980769230769231 0.057692307692307696 0.09375
1 0.6610576923076923 0.29927884615384615 0.09375 0.10096153846153846
0 0.3449519230769231 0.3329326923076923 0.052884615384615384 0.0889423076923077
0 0.3918269230769231 0.3389423076923077 0.04807692307692308 0.08653846153846154
1 0.5685096153846154 0.3329326923076923 0.0889423076923077 0.11057692307692307
1 0.4963942307692308 0.3605769230769231 0.0889423076923077 0.10576923076923077
1 0.6995192307692307 0.34615384615384615 0.09615384615384616 0.09615384615384616
0 0.27524038461538464 0.39903846153846156 0.052884615384615384 0.0889423076923077
0 0.3629807692307692 0.390625 0.05048076923076923 0.0889423076923077
1 0.6237980769230769 0.3713942307692308 0.0889423076923077 0.08653846153846154
0 0.43990384615384615 0.3942307692307692 0.055288461538461536 0.10576923076923077
1 0.4855769230769231 0.42427884615384615 0.09134615384615384 0.09375
1 0.5745192307692307 0.4254807692307692 0.09134615384615384 0.0889423076923077
0 0.390625 0.4483173076923077 0.05048076923076923 0.09375
1 0.6947115384615384 0.4230769230769231 0.10096153846153846 0.10096153846153846
1 0.7704326923076923 0.4254807692307692 0.08653846153846154 0.17067307692307693
0 0.23076923076923078 0.48677884615384615 0.055288461538461536 0.10576923076923077
0 0.34615384615384615 0.4795673076923077 0.052884615384615384 0.09615384615384616