0 0.5588942307692307 0.5084134615384616 0.052884615384615384 0.08413461538461539
0 0.30649038461538464 0.5649038461538461 0.057692307692307696 0.08653846153846154
0 0.5949519230769231 0.49038461538461536 0.057692307692307696 0.09134615384615384
0 0.35336538461538464 0.5336538461538461 0.0625 0.09375
0 0.4170673076923077 0.4891826923076923 0.06009615384615385 0.09375
0 0.5240384615384616 0.45913461538461536 0.06009615384615385 0.09375
0 0.3137019230769231 0.4987980769230769 0.055288461538461536 0.07932692307692307
0 0.6153846153846154 0.4110576923076923 0.06009615384615385 0.09134615384615384
0 0.47836538461538464 0.3798076923076923 0.057692307692307696 0.09615384615384616
0 0.29927884615384615 0.4206730769230769 0.06490384615384616 0.10096153846153846
0 0.2548076923076923 0.421875 0.0625 0.09375
0 0.34615384615384615 0.3605769230769231 0.06490384615384616 0.0985576923076923
0 0.45552884615384615 0.7692307692307693 0.057692307692307696 0.08653846153846154
0 0.4879807692307692 0.7283653846153846 0.057692307692307696 0.09134615384615384
0 0.29927884615384615 0.7596153846153846 0.06490384615384616 0.0985576923076923
0 0.5576923076923077 0.6850961538461539 0.057692307692307696 0.0889423076923077
0 0.46153846153846156 0.6262019230769231 0.055288461538461536 0.08413461538461539
0 0.3713942307692308 0.6237980769230769 0.057692307692307696 0.0889423076923077
0 0.5408653846153846 0.5612980769230769 0.052884615384615384 0.08413461538461539
0 0.3954326923076923 0.5745192307692307 0.055288461538461536 0.08653846153846154
0 0.43149038461538464 0.5649038461538461 0.05048076923076923 0.07932692307692307
0 0.46875 0.5564903846153846 0.055288461538461536 0.08653846153846154
0 0.5048076923076923 0.5456730769230769 0.052884615384615384 0.08653846153846154