1 0.6370192307692307 0.47475961538461536 0.06971153846153846 0.15865384615384615
0 0.30649038461538464 0.5348557692307693 0.06971153846153846 0.11298076923076923
1 0.5168269230769231 0.4807692307692308 0.07692307692307693 0.16826923076923078
1 0.7199519230769231 0.4182692307692308 0.10817307692307693 0.14182692307692307
1 0.546875 0.4362980769230769 0.08653846153846154 0.16105769230769232
1 0.6838942307692307 0.3870192307692308 0.10576923076923077 0.12980769230769232
1 0.453125 0.4326923076923077 0.08653846153846154 0.18990384615384615
1 0.3894230769230769 0.42788461538461536 0.08173076923076923 0.18990384615384615
0 0.27524038461538464 0.4483173076923077 0.06490384615384616 0.10336538461538461
1 0.6021634615384616 0.3605769230769231 0.08653846153846154 0.18509615384615385
1 0.5588942307692307 0.3641826923076923 0.07932692307692307 0.1778846153846154
0 0.2920673076923077 0.3786057692307692 0.06971153846153846 0.11057692307692307
0 0.4699519230769231 0.31490384615384615 0.06971153846153846 0.11057692307692307
1 0.6971153846153846 0.2548076923076923 0.11298076923076923 0.1658653846153846
1 0.6213942307692307 0.23918269230769232 0.11057692307692307 0.11057692307692307
1 0.5024038461538461 0.25961538461538464 0.08653846153846154 0.2091346153846154
1 0.5420673076923077 0.2247596153846154 0.09615384615384616 0.1875
1 0.6021634615384616 0.14543269230769232 0.11778846153846154 0.11778846153846154
1 0.5432692307692307 0.7620192307692307 0.09134615384615384 0.11057692307692307
0 0.46274038461538464 0.7728365384615384 0.06009615384615385 0.09615384615384616
1 0.5961538461538461 0.7331730769230769 0.08413461538461539 0.14903846153846154
1 0.6610576923076923 0.7067307692307693 0.0985576923076923 0.10576923076923077
0 0.33533653846153844 0.7536057692307693 0.06009615384615385 0.0889423076923077
0 0.5120192307692307 0.7091346153846154 0.06490384615384616 0.09615384615384616
1 0.7151442307692307 0.640625 0.10336538461538461 0.10817307692307693
0 0.40384615384615385 0.7067307692307693 0.06009615384615385 0.09134615384615384
0 0.44711538461538464 0.6862980769230769 0.055288461538461536 0.0889423076923077
1 0.6165865384615384 0.6370192307692307 0.0985576923076923 0.11778846153846154
1 0.5396634615384616 0.6346153846153846 0.09615384615384616 0.11298076923076923
1 0.7367788461538461 0.5853365384615384 0.10336538461538461 0.10336538461538461
0 0.3173076923076923 0.6658653846153846 0.06009615384615385 0.09375
0 0.4026442307692308 0.6454326923076923 0.057692307692307696 0.09134615384615384
1 0.6574519230769231 0.5841346153846154 0.09615384615384616 0.09375
0 0.47475961538461536 0.6189903846153846 0.06490384615384616 0.10817307692307693
1 0.5096153846153846 0.5769230769230769 0.0985576923076923 0.10096153846153846
1 0.59375 0.5480769230769231 0.0985576923076923 0.0985576923076923
0 0.41225961538461536 0.5829326923076923 0.06009615384615385 0.09615384615384616
1 0.7091346153846154 0.5132211538461539 0.11057692307692307 0.10817307692307693
1 0.7800480769230769 0.48677884615384615 0.10096153846153846 0.17548076923076922
0 0.24759615384615385 0.5949519230769231 0.06490384615384616 0.10817307692307693
0 0.359375 0.5673076923076923 0.0625 0.10096153846153846