0 0.703125 0.4963942307692308 0.055288461538461536 0.0985576923076923
0 0.5456730769230769 0.49278846153846156 0.055288461538461536 0.09375
1 0.20432692307692307 0.48677884615384615 0.08653846153846154 0.13942307692307693
1 0.4338942307692308 0.5096153846153846 0.09134615384615384 0.12980769230769232
1 0.2704326923076923 0.5180288461538461 0.052884615384615384 0.17548076923076922
0 0.6610576923076923 0.5673076923076923 0.055288461538461536 0.10336538461538461
1 0.3125 0.5456730769230769 0.08173076923076923 0.15384615384615385
0 0.3629807692307692 0.5528846153846154 0.055288461538461536 0.11298076923076923
0 0.5721153846153846 0.5685096153846154 0.055288461538461536 0.10096153846153846
1 0.47596153846153844 0.6057692307692307 0.08173076923076923 0.16105769230769232
0 0.5925480769230769 0.6502403846153846 0.06490384615384616 0.10096153846153846
0 0.6802884615384616 0.7007211538461539 0.0625 0.10817307692307693
0 0.5673076923076923 0.7427884615384616 0.0625 0.12259615384615384
0 0.5120192307692307 0.7524038461538461 0.0673076923076923 0.12259615384615384
1 0.37259615384615385 0.12620192307692307 0.06971153846153846 0.11057692307692307
1 0.33533653846153844 0.1346153846153846 0.0673076923076923 0.11538461538461539
1 0.4411057692307692 0.14543269230769232 0.08173076923076923 0.10336538461538461
1 0.2668269230769231 0.14543269230769232 0.07932692307692307 0.09615384615384616
1 0.49399038461538464 0.19591346153846154 0.05048076923076923 0.1346153846153846
1 0.3161057692307692 0.19230769230769232 0.06971153846153846 0.125
1 0.38341346153846156 0.21033653846153846 0.07932692307692307 0.10096153846153846
1 0.43990384615384615 0.22355769230769232 0.055288461538461536 0.12980769230769232
1 0.5504807692307693 0.23317307692307693 0.08173076923076923 0.08653846153846154
1 0.2668269230769231 0.2247596153846154 0.08653846153846154 0.08413461538461539
1 0.3389423076923077 0.2764423076923077 0.06971153846153846 0.1346153846153846
0 0.5408653846153846 0.3016826923076923 0.052884615384615384 0.08413461538461539
1 0.2692307692307692 0.28846153846153844 0.08413461538461539 0.09134615384615384
1 0.40384615384615385 0.2980769230769231 0.07932692307692307 0.10817307692307693
1 0.484375 0.30649038461538464 0.07211538461538461 0.125
0 0.6153846153846154 0.328125 0.04567307692307692 0.0889423076923077
1 0.20192307692307693 0.3329326923076923 0.09615384615384616 0.0889423076923077
1 0.4723557692307692 0.38221153846153844 0.08173076923076923 0.12980769230769232
0 0.578125 0.390625 0.04807692307692308 0.08413461538461539
0 0.5216346153846154 0.3918269230769231 0.05048076923076923 0.08413461538461539
1 0.3016826923076923 0.38221153846153844 0.08173076923076923 0.1201923076923077
1 0.3737980769230769 0.40384615384615385 0.06009615384615385 0.15865384615384615
1 0.4170673076923077 0.4110576923076923 0.06009615384615385 0.14903846153846154
0 0.6201923076923077 0.4338942307692308 0.052884615384615384 0.09615384615384616
1 0.32572115384615385 0.42788461538461536 0.07211538461538461 0.14903846153846154
1 0.23557692307692307 0.42427884615384615 0.07932692307692307 0.12740384615384615
0 0.5841346153846154 0.46274038461538464 0.055288461538461536 0.09615384615384616