0 0.8052884615384616 0.5901442307692307 0.06971153846153846 0.10817307692307693
0 0.6021634615384616 0.5408653846153846 0.06490384615384616 0.10336538461538461
0 0.7475961538461539 0.5492788461538461 0.06971153846153846 0.10336538461538461
0 0.6538461538461539 0.5084134615384616 0.06490384615384616 0.10817307692307693
0 0.38461538461538464 0.44350961538461536 0.0673076923076923 0.0985576923076923
0 0.5012019230769231 0.39302884615384615 0.06490384615384616 0.10817307692307693
0 0.5973557692307693 0.35216346153846156 0.0673076923076923 0.10576923076923077
0 0.7608173076923077 0.3317307692307692 0.07451923076923077 0.11298076923076923
0 0.6778846153846154 0.24519230769230768 0.0673076923076923 0.11298076923076923
0 0.32211538461538464 0.8521634615384616 0.057692307692307696 0.09134615384615384
0 0.39903846153846156 0.8425480769230769 0.057692307692307696 0.09615384615384616
0 0.3329326923076923 0.7632211538461539 0.06009615384615385 0.0889423076923077
0 0.6165865384615384 0.8040865384615384 0.0625 0.0985576923076923
0 0.5216346153846154 0.7620192307692307 0.06009615384615385 0.09615384615384616
0 0.4891826923076923 0.7151442307692307 0.06009615384615385 0.10096153846153846
0 0.2692307692307692 0.640625 0.0625 0.0985576923076923
0 0.36899038461538464 0.6394230769230769 0.06009615384615385 0.09615384615384616
0 0.734375 0.7139423076923077 0.06490384615384616 0.10576923076923077
0 0.6622596153846154 0.6971153846153846 0.0673076923076923 0.10096153846153846
0 0.5925480769230769 0.6766826923076923 0.06009615384615385 0.09615384615384616
0 0.44350961538461536 0.6358173076923077 0.0625 0.0985576923076923
0 0.5180288461538461 0.5673076923076923 0.06490384615384616 0.10576923076923077