0 0.1814903846153846 0.4855769230769231 0.052884615384615384 0.10336538461538461
0 0.390625 0.484375 0.04807692307692308 0.0985576923076923
0 0.24759615384615385 0.5120192307692307 0.052884615384615384 0.09615384615384616
0 0.3485576923076923 0.5288461538461539 0.04807692307692308 0.10336538461538461
0 0.6262019230769231 0.5264423076923077 0.052884615384615384 0.09375
0 0.5240384615384616 0.6033653846153846 0.04807692307692308 0.10096153846153846
0 0.4411057692307692 0.6670673076923077 0.05048076923076923 0.0985576923076923
0 0.28725961538461536 0.7259615384615384 0.057692307692307696 0.10576923076923077
0 0.38822115384615385 0.7896634615384616 0.05048076923076923 0.10817307692307693
0 0.5877403846153846 0.11538461538461539 0.04326923076923077 0.08653846153846154
0 0.515625 0.14302884615384615 0.04326923076923077 0.09134615384615384
0 0.5973557692307693 0.20432692307692307 0.04807692307692308 0.08413461538461539
0 0.3137019230769231 0.23317307692307693 0.04567307692307692 0.09375
0 0.41586538461538464 0.2512019230769231 0.04567307692307692 0.09134615384615384
0 0.45913461538461536 0.28846153846153844 0.04567307692307692 0.09615384615384616
0 0.6911057692307693 0.3076923076923077 0.04567307692307692 0.09375
0 0.59375 0.3329326923076923 0.04567307692307692 0.09134615384615384
0 0.21995192307692307 0.3485576923076923 0.05048076923076923 0.0985576923076923
0 0.29447115384615385 0.3485576923076923 0.052884615384615384 0.09375
0 0.36778846153846156 0.35096153846153844 0.04567307692307692 0.09134615384615384
0 0.5228365384615384 0.3545673076923077 0.04807692307692308 0.09134615384615384
0 0.46634615384615385 0.4387019230769231 0.04807692307692308 0.10096153846153846