0 0.43990384615384615 0.5024038461538461 0.040865384615384616 0.08653846153846154
1 0.5600961538461539 0.5108173076923077 0.04326923076923077 0.14423076923076922
0 0.33533653846153844 0.5048076923076923 0.04567307692307692 0.07932692307692307
1 0.5925480769230769 0.5216346153846154 0.038461538461538464 0.13942307692307693
1 0.6610576923076923 0.5408653846153846 0.06009615384615385 0.12259615384615384
0 0.40384615384615385 0.5480769230769231 0.04807692307692308 0.09615384615384616
1 0.6262019230769231 0.5625 0.04567307692307692 0.1466346153846154
1 0.5264423076923077 0.5757211538461539 0.06971153846153846 0.14903846153846154
1 0.7079326923076923 0.6021634615384616 0.07211538461538461 0.10336538461538461
0 0.2980769230769231 0.6045673076923077 0.04567307692307692 0.08653846153846154
0 0.36899038461538464 0.6081730769230769 0.04326923076923077 0.07451923076923077
1 0.4723557692307692 0.6237980769230769 0.06009615384615385 0.15384615384615385
0 0.5709134615384616 0.6490384615384616 0.040865384615384616 0.09134615384615384
1 0.6141826923076923 0.6646634615384616 0.06009615384615385 0.15865384615384615
1 0.65625 0.6682692307692307 0.05048076923076923 0.16826923076923078
1 0.7235576923076923 0.6802884615384616 0.08173076923076923 0.11538461538461539
0 0.3701923076923077 0.6887019230769231 0.052884615384615384 0.09134615384615384
0 0.4074519230769231 0.7271634615384616 0.04807692307692308 0.09134615384615384
1 0.6033653846153846 0.2536057692307692 0.07211538461538461 0.07692307692307693
1 0.6634615384615384 0.2764423076923077 0.06971153846153846 0.08173076923076923
1 0.546875 0.27524038461538464 0.04567307692307692 0.1346153846153846
1 0.4951923076923077 0.29086538461538464 0.07211538461538461 0.08653846153846154
1 0.6971153846153846 0.3088942307692308 0.0625 0.07932692307692307
1 0.5865384615384616 0.3329326923076923 0.057692307692307696 0.10817307692307693
1 0.7548076923076923 0.3401442307692308 0.0673076923076923 0.12740384615384615
0 0.4206730769230769 0.3329326923076923 0.04326923076923077 0.07692307692307693
1 0.6370192307692307 0.3449519230769231 0.07211538461538461 0.08653846153846154
0 0.48677884615384615 0.34615384615384615 0.04567307692307692 0.08173076923076923
1 0.7007211538461539 0.3737980769230769 0.06490384615384616 0.09615384615384616
1 0.5288461538461539 0.3762019230769231 0.0625 0.09615384615384616
0 0.43509615384615385 0.40384615384615385 0.040865384615384616 0.07932692307692307
1 0.5973557692307693 0.41346153846153844 0.07692307692307693 0.08173076923076923
1 0.7307692307692307 0.42427884615384615 0.07932692307692307 0.09134615384615384
0 0.39302884615384615 0.4182692307692308 0.040865384615384616 0.08653846153846154
1 0.6574519230769231 0.4326923076923077 0.055288461538461536 0.1346153846153846
0 0.4807692307692308 0.42788461538461536 0.038461538461538464 0.08413461538461539
0 0.31850961538461536 0.4266826923076923 0.04326923076923077 0.08173076923076923
1 0.5204326923076923 0.4519230769230769 0.07451923076923077 0.10576923076923077
0 0.4170673076923077 0.4579326923076923 0.04326923076923077 0.08413461538461539
1 0.7139423076923077 0.47596153846153844 0.07692307692307693 0.08173076923076923