0 0.1814903846153846 0.49158653846153844 0.055288461538461536 0.10336538461538461
0 0.390625 0.48677884615384615 0.05048076923076923 0.0985576923076923
0 0.24759615384615385 0.5168269230769231 0.055288461538461536 0.0985576923076923
0 0.3485576923076923 0.5324519230769231 0.05048076923076923 0.10336538461538461
0 0.6262019230769231 0.5252403846153846 0.052884615384615384 0.09375
0 0.5264423076923077 0.6033653846153846 0.05048076923076923 0.10096153846153846
0 0.44350961538461536 0.6682692307692307 0.052884615384615384 0.0985576923076923
0 0.2920673076923077 0.7295673076923077 0.06009615384615385 0.10576923076923077
0 0.3942307692307692 0.7920673076923077 0.052884615384615384 0.10817307692307693
0 0.5805288461538461 0.1141826923076923 0.04567307692307692 0.08653846153846154
0 0.5084134615384616 0.14302884615384615 0.04567307692307692 0.09134615384615384
0 0.5925480769230769 0.203125 0.04807692307692308 0.08413461538461539
0 0.3088942307692308 0.23677884615384615 0.04807692307692308 0.09375
0 0.4110576923076923 0.2536057692307692 0.04807692307692308 0.09134615384615384
0 0.45552884615384615 0.28966346153846156 0.04807692307692308 0.09615384615384616
0 0.6875 0.30528846153846156 0.04807692307692308 0.09375
0 0.5913461538461539 0.3317307692307692 0.04807692307692308 0.09134615384615384
0 0.21754807692307693 0.35336538461538464 0.052884615384615384 0.0985576923076923
0 0.2920673076923077 0.35216346153846156 0.052884615384615384 0.09615384615384616
0 0.3641826923076923 0.35336538461538464 0.04807692307692308 0.09134615384615384
0 0.5204326923076923 0.3545673076923077 0.04807692307692308 0.09134615384615384
0 0.4651442307692308 0.4387019230769231 0.05048076923076923 0.10096153846153846