0 0.3449519230769231 0.5661057692307693 0.0625 0.10096153846153846
0 0.5228365384615384 0.5336538461538461 0.0673076923076923 0.10096153846153846
0 0.2824519230769231 0.6995192307692307 0.07451923076923077 0.11057692307692307
0 0.3762019230769231 0.6887019230769231 0.06971153846153846 0.10576923076923077
0 0.43028846153846156 0.7692307692307693 0.07451923076923077 0.11298076923076923
0 0.38461538461538464 0.7980769230769231 0.07451923076923077 0.11538461538461539
0 0.41225961538461536 0.19951923076923078 0.0625 0.10096153846153846
0 0.5564903846153846 0.19230769230769232 0.0673076923076923 0.0985576923076923
0 0.3317307692307692 0.28125 0.06490384615384616 0.10096153846153846
0 0.1935096153846154 0.31490384615384615 0.06971153846153846 0.10096153846153846
0 0.6153846153846154 0.23918269230769232 0.06490384615384616 0.0985576923076923
0 0.5841346153846154 0.28846153846153844 0.06009615384615385 0.0985576923076923
0 0.16105769230769232 0.42427884615384615 0.07692307692307693 0.11057692307692307
0 0.42427884615384615 0.3713942307692308 0.06009615384615385 0.09615384615384616
0 0.4723557692307692 0.36658653846153844 0.0625 0.09615384615384616
0 0.3125 0.41346153846153844 0.06490384615384616 0.09615384615384616
0 0.5745192307692307 0.375 0.06490384615384616 0.0985576923076923
0 0.4230769230769231 0.44471153846153844 0.0625 0.09615384615384616
0 0.6418269230769231 0.39302884615384615 0.06971153846153846 0.10096153846153846
0 0.31490384615384615 0.49038461538461536 0.06971153846153846 0.0985576923076923
0 0.46274038461538464 0.4567307692307692 0.06490384615384616 0.0985576923076923
0 0.5072115384615384 0.44711538461538464 0.06971153846153846 0.10096153846153846
0 0.375 0.49399038461538464 0.0625 0.10336538461538461