1 0.4495192307692308 0.5108173076923077 0.07932692307692307 0.15625
1 0.5685096153846154 0.43990384615384615 0.06490384615384616 0.16826923076923078
1 0.6598557692307693 0.4026442307692308 0.0889423076923077 0.16105769230769232
1 0.41346153846153844 0.40024038461538464 0.09615384615384616 0.10336538461538461
1 0.3329326923076923 0.39903846153846156 0.0985576923076923 0.13221153846153846
1 0.47475961538461536 0.3557692307692308 0.06971153846153846 0.17307692307692307
1 0.5745192307692307 0.31490384615384615 0.08173076923076923 0.1466346153846154
1 0.7247596153846154 0.28725961538461536 0.0985576923076923 0.12740384615384615
1 0.4050480769230769 0.29447115384615385 0.10336538461538461 0.11298076923076923
1 0.6177884615384616 0.21634615384615385 0.10096153846153846 0.12980769230769232
1 0.49278846153846156 0.23197115384615385 0.09375 0.10576923076923077
1 0.5264423076923077 0.8605769230769231 0.07932692307692307 0.11298076923076923
1 0.375 0.8305288461538461 0.07932692307692307 0.13701923076923078
1 0.47716346153846156 0.796875 0.08173076923076923 0.1201923076923077
1 0.6442307692307693 0.7415865384615384 0.09375 0.13942307692307693
1 0.32211538461538464 0.7319711538461539 0.09375 0.1201923076923077
1 0.5625 0.6935096153846154 0.06009615384615385 0.16346153846153846
1 0.4951923076923077 0.6899038461538461 0.09134615384615384 0.11778846153846154
1 0.7043269230769231 0.6394230769230769 0.07692307692307693 0.15144230769230768
1 0.41947115384615385 0.671875 0.0673076923076923 0.16105769230769232
1 0.6177884615384616 0.6298076923076923 0.0889423076923077 0.13221153846153846
1 0.7283653846153846 0.5516826923076923 0.0985576923076923 0.10096153846153846
1 0.28365384615384615 0.5901442307692307 0.09615384615384616 0.13942307692307693
1 0.6225961538461539 0.5228365384615384 0.057692307692307696 0.15625
1 0.3629807692307692 0.5504807692307693 0.09375 0.13701923076923078
1 0.5216346153846154 0.5300480769230769 0.06009615384615385 0.1658653846153846