0 0.3545673076923077 0.5 0.0625 0.0985576923076923
0 0.47475961538461536 0.4891826923076923 0.06009615384615385 0.0889423076923077
0 0.6153846153846154 0.4675480769230769 0.06009615384615385 0.10096153846153846
0 0.7235576923076923 0.5084134615384616 0.0673076923076923 0.11298076923076923
0 0.28846153846153844 0.6514423076923077 0.0673076923076923 0.10096153846153846
0 0.4375 0.6899038461538461 0.06490384615384616 0.10576923076923077
0 0.5288461538461539 0.6826923076923077 0.06009615384615385 0.10096153846153846
0 0.6394230769230769 0.6814903846153846 0.06971153846153846 0.10817307692307693
0 0.38221153846153844 0.7644230769230769 0.06490384615384616 0.11057692307692307
0 0.3317307692307692 0.21394230769230768 0.052884615384615384 0.08653846153846154
0 0.23798076923076922 0.2704326923076923 0.06009615384615385 0.09615384615384616
0 0.5408653846153846 0.24759615384615385 0.0625 0.10336538461538461
0 0.3088942307692308 0.3125 0.06009615384615385 0.08653846153846154
0 0.43509615384615385 0.28966346153846156 0.055288461538461536 0.08413461538461539
0 0.6189903846153846 0.25961538461538464 0.0625 0.10096153846153846
0 0.19831730769230768 0.3701923076923077 0.057692307692307696 0.10096153846153846
0 0.38100961538461536 0.3557692307692308 0.057692307692307696 0.08653846153846154
0 0.47475961538461536 0.3425480769230769 0.057692307692307696 0.08653846153846154
0 0.625 0.34975961538461536 0.0625 0.0985576923076923
0 0.25600961538461536 0.43149038461538464 0.06009615384615385 0.0985576923076923
0 0.5360576923076923 0.44591346153846156 0.06009615384615385 0.09134615384615384
0 0.39783653846153844 0.4891826923076923 0.0625 0.10096153846153846