0 0.5600961538461539 0.5060096153846154 0.040865384615384616 0.08653846153846154
1 0.43990384615384615 0.5072115384615384 0.040865384615384616 0.14182692307692307
0 0.6646634615384616 0.5132211538461539 0.04567307692307692 0.07932692307692307
1 0.40625 0.5168269230769231 0.038461538461538464 0.13942307692307693
1 0.33774038461538464 0.5324519230769231 0.057692307692307696 0.1201923076923077
0 0.59375 0.5528846153846154 0.04567307692307692 0.09375
1 0.3701923076923077 0.5552884615384616 0.04326923076923077 0.1466346153846154
1 0.4699519230769231 0.5745192307692307 0.0673076923076923 0.1466346153846154
1 0.28725961538461536 0.5913461538461539 0.07211538461538461 0.10096153846153846
0 0.6959134615384616 0.6153846153846154 0.04567307692307692 0.08653846153846154
0 0.625 0.6153846153846154 0.040865384615384616 0.07211538461538461
1 0.5204326923076923 0.625 0.057692307692307696 0.15384615384615385
0 0.421875 0.6454326923076923 0.040865384615384616 0.0889423076923077
1 0.37740384615384615 0.6586538461538461 0.057692307692307696 0.15865384615384615
1 0.33533653846153844 0.6598557692307693 0.04807692307692308 0.1658653846153846
1 0.26802884615384615 0.6682692307692307 0.07932692307692307 0.11538461538461539
0 0.6189903846153846 0.6959134615384616 0.05048076923076923 0.0889423076923077
0 0.5805288461538461 0.7319711538461539 0.04807692307692308 0.09134615384615384
1 0.4098557692307692 0.24879807692307693 0.07211538461538461 0.07692307692307693
1 0.3485576923076923 0.26802884615384615 0.06971153846153846 0.07932692307692307
1 0.4651442307692308 0.27283653846153844 0.04326923076923077 0.1346153846153846
1 0.515625 0.29086538461538464 0.07211538461538461 0.08653846153846154
1 0.3137019230769231 0.2980769230769231 0.0625 0.07932692307692307
1 0.421875 0.3293269230769231 0.055288461538461536 0.10576923076923077
1 0.2536057692307692 0.3269230769230769 0.06490384615384616 0.12740384615384615
0 0.5877403846153846 0.33653846153846156 0.04326923076923077 0.07451923076923077
1 0.3713942307692308 0.33774038461538464 0.06971153846153846 0.08653846153846154
0 0.5204326923076923 0.34615384615384615 0.04326923076923077 0.07932692307692307
1 0.30649038461538464 0.3629807692307692 0.0625 0.09375
1 0.47836538461538464 0.375 0.0625 0.09615384615384616
0 0.5697115384615384 0.4074519230769231 0.038461538461538464 0.07932692307692307
1 0.4074519230769231 0.40865384615384615 0.07451923076923077 0.07932692307692307
1 0.27283653846153844 0.41225961538461536 0.07692307692307693 0.0889423076923077
0 0.6105769230769231 0.42427884615384615 0.038461538461538464 0.08653846153846154
1 0.34615384615384615 0.42427884615384615 0.052884615384615384 0.13221153846153846
0 0.5228365384615384 0.42908653846153844 0.036057692307692304 0.08413461538461539
0 0.6850961538461539 0.4362980769230769 0.04326923076923077 0.07932692307692307
1 0.48197115384615385 0.45072115384615385 0.07211538461538461 0.10576923076923077
0 0.5853365384615384 0.46153846153846156 0.04326923076923077 0.08173076923076923
1 0.28725961538461536 0.4651442307692308 0.07692307692307693 0.08173076923076923