1 0.5516826923076923 0.4951923076923077 0.0625 0.14903846153846154
1 0.42427884615384615 0.5516826923076923 0.04326923076923077 0.16346153846153846
1 0.3293269230769231 0.5769230769230769 0.06971153846153846 0.15384615384615385
1 0.5733173076923077 0.609375 0.08653846153846154 0.09134615384615384
1 0.6538461538461539 0.6201923076923077 0.08173076923076923 0.125
1 0.5072115384615384 0.6466346153846154 0.04807692307692308 0.16826923076923078
1 0.40384615384615385 0.6742788461538461 0.0673076923076923 0.13942307692307693
1 0.2512019230769231 0.6838942307692307 0.08653846153846154 0.1201923076923077
1 0.5697115384615384 0.7151442307692307 0.09134615384615384 0.10336538461538461
1 0.3485576923076923 0.7668269230769231 0.08653846153846154 0.1201923076923077
1 0.47475961538461536 0.7668269230769231 0.08173076923076923 0.09615384615384616
1 0.5180288461538461 0.13942307692307693 0.0673076923076923 0.10576923076923077
1 0.6646634615384616 0.1875 0.0625 0.12980769230769232
1 0.5588942307692307 0.20793269230769232 0.0673076923076923 0.11298076923076923
1 0.3858173076923077 0.24278846153846154 0.07692307692307693 0.12980769230769232
1 0.7043269230769231 0.29086538461538464 0.08173076923076923 0.11057692307692307
1 0.46153846153846156 0.3004807692307692 0.040865384615384616 0.15865384615384615
1 0.5276442307692307 0.3125 0.07692307692307693 0.11057692307692307
1 0.3137019230769231 0.33653846153846156 0.06009615384615385 0.14423076923076922
1 0.6009615384615384 0.3389423076923077 0.04807692307692308 0.15865384615384615
1 0.39903846153846156 0.35697115384615385 0.07451923076923077 0.125
1 0.2800480769230769 0.4206730769230769 0.0889423076923077 0.09134615384615384
1 0.7259615384615384 0.4375 0.08173076923076923 0.12980769230769232
1 0.38100961538461536 0.46274038461538464 0.038461538461538464 0.15384615384615385
1 0.6418269230769231 0.46634615384615385 0.07692307692307693 0.12740384615384615
1 0.48197115384615385 0.4675480769230769 0.038461538461538464 0.16105769230769232