1 0.36177884615384615 0.5180288461538461 0.0625 0.15865384615384615
0 0.6959134615384616 0.47475961538461536 0.06490384615384616 0.11298076923076923
1 0.48197115384615385 0.5180288461538461 0.06971153846153846 0.16826923076923078
1 0.2764423076923077 0.5709134615384616 0.10096153846153846 0.13942307692307693
1 0.4495192307692308 0.5612980769230769 0.07932692307692307 0.16105769230769232
1 0.31009615384615385 0.6033653846153846 0.10096153846153846 0.125
1 0.5432692307692307 0.5697115384615384 0.07932692307692307 0.1875
1 0.6057692307692307 0.578125 0.07451923076923077 0.18990384615384615
0 0.7223557692307693 0.5637019230769231 0.06009615384615385 0.10336538461538461
1 0.390625 0.6346153846153846 0.07692307692307693 0.18509615384615385
1 0.43509615384615385 0.6322115384615384 0.06971153846153846 0.1778846153846154
0 0.7007211538461539 0.6322115384615384 0.06490384615384616 0.11057692307692307
0 0.5204326923076923 0.6862980769230769 0.0625 0.11057692307692307
1 0.28966346153846156 0.734375 0.10576923076923077 0.16346153846153846
1 0.36538461538461536 0.7536057692307693 0.10817307692307693 0.10576923076923077
1 0.484375 0.7391826923076923 0.07692307692307693 0.2091346153846154
1 0.44350961538461536 0.7728365384615384 0.08653846153846154 0.18509615384615385
1 0.3798076923076923 0.8485576923076923 0.11298076923076923 0.11298076923076923
1 0.4699519230769231 0.23557692307692307 0.08653846153846154 0.10817307692307693
0 0.5516826923076923 0.2283653846153846 0.057692307692307696 0.09615384615384616
1 0.41586538461538464 0.2620192307692308 0.07692307692307693 0.1466346153846154
1 0.35096153846153844 0.2848557692307692 0.09615384615384616 0.10336538461538461
0 0.6778846153846154 0.2548076923076923 0.057692307692307696 0.08653846153846154
0 0.4987980769230769 0.29086538461538464 0.0625 0.09615384615384616
1 0.2920673076923077 0.3473557692307692 0.0985576923076923 0.10336538461538461
0 0.6069711538461539 0.2980769230769231 0.057692307692307696 0.0889423076923077
0 0.5625 0.3161057692307692 0.052884615384615384 0.08653846153846154
1 0.390625 0.35697115384615385 0.09375 0.11538461538461539
1 0.4675480769230769 0.3641826923076923 0.09375 0.11057692307692307
1 0.26802884615384615 0.4026442307692308 0.0985576923076923 0.0985576923076923
0 0.6911057692307693 0.3449519230769231 0.057692307692307696 0.09134615384615384
0 0.6045673076923077 0.359375 0.052884615384615384 0.0889423076923077
1 0.34615384615384615 0.4074519230769231 0.09375 0.09134615384615384
0 0.53125 0.38221153846153844 0.06009615384615385 0.10576923076923077
1 0.49399038461538464 0.4230769230769231 0.09375 0.0985576923076923
1 0.40865384615384615 0.44711538461538464 0.09615384615384616 0.09375
0 0.5925480769230769 0.421875 0.055288461538461536 0.09375
1 0.2920673076923077 0.47596153846153844 0.10576923076923077 0.10576923076923077
1 0.21995192307692307 0.49759615384615385 0.09375 0.17307692307692307
0 0.7572115384615384 0.4182692307692308 0.06009615384615385 0.10576923076923077
0 0.6442307692307693 0.4411057692307692 0.057692307692307696 0.0985576923076923