1 0.4230769230769231 0.4879807692307692 0.07451923076923077 0.15144230769230768
1 0.35697115384615385 0.5060096153846154 0.07692307692307693 0.14423076923076922
1 0.6586538461538461 0.5012019230769231 0.10336538461538461 0.125
1 0.4831730769230769 0.5540865384615384 0.06009615384615385 0.15625
1 0.3233173076923077 0.5805288461538461 0.0673076923076923 0.1658653846153846
1 0.26322115384615385 0.6057692307692307 0.08653846153846154 0.14903846153846154
1 0.5733173076923077 0.5973557692307693 0.07451923076923077 0.15625
1 0.41346153846153844 0.6358173076923077 0.06971153846153846 0.16346153846153846
1 0.4831730769230769 0.6586538461538461 0.08653846153846154 0.1201923076923077
1 0.6574519230769231 0.6358173076923077 0.08653846153846154 0.16826923076923078
1 0.36899038461538464 0.7079326923076923 0.08653846153846154 0.13942307692307693
1 0.46153846153846156 0.7319711538461539 0.0985576923076923 0.12259615384615384
1 0.5528846153846154 0.7331730769230769 0.0985576923076923 0.11538461538461539
1 0.37259615384615385 0.2403846153846154 0.06009615384615385 0.1346153846153846
1 0.2932692307692308 0.26322115384615385 0.06490384615384616 0.14182692307692307
1 0.5036057692307693 0.24639423076923078 0.07692307692307693 0.08653846153846154
1 0.25240384615384615 0.30528846153846156 0.07932692307692307 0.1346153846153846
1 0.42427884615384615 0.3329326923076923 0.0673076923076923 0.1346153846153846
1 0.36658653846153844 0.3485576923076923 0.0625 0.14903846153846154
1 0.5276442307692307 0.3269230769230769 0.08173076923076923 0.08653846153846154
1 0.33413461538461536 0.4074519230769231 0.06971153846153846 0.1346153846153846
1 0.484375 0.3942307692307692 0.07692307692307693 0.13701923076923078
1 0.6370192307692307 0.38221153846153844 0.06971153846153846 0.1466346153846154
1 0.27283653846153844 0.45913461538461536 0.08653846153846154 0.11298076923076923
1 0.1971153846153846 0.47596153846153844 0.08413461538461539 0.13942307692307693
1 0.546875 0.45913461538461536 0.06971153846153846 0.13221153846153846