0 0.7019230769230769 0.5108173076923077 0.0625 0.10096153846153846
0 0.5456730769230769 0.4951923076923077 0.06009615384615385 0.09615384615384616
1 0.20673076923076922 0.46634615384615385 0.09615384615384616 0.14182692307692307
1 0.4338942307692308 0.5048076923076923 0.0985576923076923 0.1346153846153846
1 0.2692307692307692 0.5012019230769231 0.06490384615384616 0.17548076923076922
0 0.65625 0.578125 0.0625 0.10576923076923077
1 0.31009615384615385 0.5324519230769231 0.09134615384615384 0.15865384615384615
0 0.359375 0.5432692307692307 0.0625 0.11538461538461539
0 0.5673076923076923 0.5733173076923077 0.0625 0.10336538461538461
1 0.46875 0.6033653846153846 0.09375 0.1658653846153846
0 0.5829326923076923 0.65625 0.06971153846153846 0.10336538461538461
0 0.6658653846153846 0.7127403846153846 0.06971153846153846 0.11057692307692307
0 0.5504807692307693 0.7475961538461539 0.06971153846153846 0.125
0 0.4951923076923077 0.7524038461538461 0.07692307692307693 0.125
1 0.39903846153846156 0.11778846153846154 0.07451923076923077 0.11538461538461539
1 0.3605769230769231 0.12379807692307693 0.07451923076923077 0.1201923076923077
1 0.46634615384615385 0.14182692307692307 0.08653846153846154 0.10817307692307693
1 0.2920673076923077 0.12980769230769232 0.08413461538461539 0.0985576923076923
1 0.5144230769230769 0.19591346153846154 0.057692307692307696 0.13701923076923078
1 0.33774038461538464 0.18028846153846154 0.07932692307692307 0.12740384615384615
1 0.40384615384615385 0.20192307692307693 0.08413461538461539 0.10576923076923077
1 0.45913461538461536 0.21995192307692307 0.06490384615384616 0.13221153846153846
1 0.5685096153846154 0.23798076923076922 0.08653846153846154 0.09134615384615384
1 0.2860576923076923 0.2091346153846154 0.09134615384615384 0.0889423076923077
1 0.3545673076923077 0.265625 0.07932692307692307 0.13942307692307693
0 0.5540865384615384 0.30528846153846156 0.06009615384615385 0.08653846153846154
1 0.2848557692307692 0.27283653846153844 0.09134615384615384 0.09615384615384616
1 0.4170673076923077 0.2920673076923077 0.08653846153846154 0.11298076923076923
1 0.4987980769230769 0.30528846153846156 0.07932692307692307 0.12980769230769232
0 0.6274038461538461 0.33653846153846156 0.052884615384615384 0.09134615384615384
1 0.21394230769230768 0.3125 0.10096153846153846 0.09375
1 0.4807692307692308 0.38100961538461536 0.0889423076923077 0.1346153846153846
0 0.5865384615384616 0.39663461538461536 0.052884615384615384 0.08653846153846154
0 0.5300480769230769 0.3942307692307692 0.055288461538461536 0.08653846153846154
1 0.3112980769230769 0.36899038461538464 0.0889423076923077 0.12259615384615384
1 0.38100961538461536 0.3942307692307692 0.06971153846153846 0.16105769230769232
1 0.4230769230769231 0.4050480769230769 0.06971153846153846 0.15144230769230768
0 0.625 0.4423076923076923 0.06009615384615385 0.0985576923076923
1 0.33052884615384615 0.41586538461538464 0.08173076923076923 0.15384615384615385
1 0.24158653846153846 0.40625 0.08653846153846154 0.13221153846153846
0 0.5865384615384616 0.46875 0.06009615384615385 0.0985576923076923