0 0.36177884615384615 0.453125 0.057692307692307696 0.09615384615384616
0 0.4795673076923077 0.4807692307692308 0.055288461538461536 0.08653846153846154
0 0.6189903846153846 0.5072115384615384 0.055288461538461536 0.10096153846153846
0 0.7079326923076923 0.5805288461538461 0.0625 0.11057692307692307
0 0.25 0.5745192307692307 0.0625 0.0985576923076923
0 0.3798076923076923 0.6586538461538461 0.06009615384615385 0.10576923076923077
0 0.46875 0.6826923076923077 0.055288461538461536 0.10096153846153846
0 0.5733173076923077 0.7163461538461539 0.06490384615384616 0.10576923076923077
0 0.30288461538461536 0.7115384615384616 0.06009615384615385 0.10817307692307693
0 0.4338942307692308 0.17548076923076922 0.05048076923076923 0.08413461538461539
0 0.3269230769230769 0.1971153846153846 0.055288461538461536 0.09615384615384616
0 0.6213942307692307 0.27403846153846156 0.057692307692307696 0.10336538461538461
0 0.38100961538461536 0.2608173076923077 0.055288461538461536 0.08653846153846154
0 0.5072115384615384 0.2800480769230769 0.052884615384615384 0.08413461538461539
0 0.6899038461538461 0.3125 0.057692307692307696 0.10096153846153846
0 0.25721153846153844 0.27884615384615385 0.052884615384615384 0.0985576923076923
0 0.43509615384615385 0.3245192307692308 0.052884615384615384 0.08653846153846154
0 0.5264423076923077 0.3425480769230769 0.052884615384615384 0.08653846153846154
0 0.6670673076923077 0.39903846153846156 0.057692307692307696 0.0985576923076923
0 0.2920673076923077 0.3557692307692308 0.055288461538461536 0.09615384615384616
0 0.5516826923076923 0.46153846153846156 0.055288461538461536 0.0889423076923077
0 0.40625 0.4567307692307692 0.057692307692307696 0.0985576923076923