0 0.2980769230769231 0.5132211538461539 0.0625 0.10096153846153846
0 0.4543269230769231 0.4963942307692308 0.0625 0.0985576923076923
1 0.7932692307692307 0.46033653846153844 0.0985576923076923 0.14423076923076922
1 0.5661057692307693 0.5036057692307693 0.10096153846153846 0.13701923076923078
1 0.7307692307692307 0.49759615384615385 0.0673076923076923 0.17548076923076922
0 0.3449519230769231 0.5805288461538461 0.0625 0.10817307692307693
1 0.6911057692307693 0.5288461538461539 0.09375 0.15865384615384615
0 0.6418269230769231 0.5408653846153846 0.0625 0.11538461538461539
0 0.4338942307692308 0.5745192307692307 0.06490384615384616 0.10336538461538461
1 0.5336538461538461 0.6033653846153846 0.09615384615384616 0.1658653846153846
0 0.4206730769230769 0.6574519230769231 0.07211538461538461 0.10576923076923077
0 0.33774038461538464 0.7151442307692307 0.07211538461538461 0.11298076923076923
0 0.4543269230769231 0.7487980769230769 0.07211538461538461 0.125
0 0.5096153846153846 0.7524038461538461 0.07692307692307693 0.12740384615384615
1 0.59375 0.11658653846153846 0.07692307692307693 0.11538461538461539
1 0.6322115384615384 0.12139423076923077 0.07692307692307693 0.1201923076923077
1 0.5276442307692307 0.14182692307692307 0.0889423076923077 0.10817307692307693
1 0.7007211538461539 0.12620192307692307 0.08413461538461539 0.10096153846153846
1 0.4795673076923077 0.1971153846153846 0.06009615384615385 0.13701923076923078
1 0.6574519230769231 0.17668269230769232 0.08173076923076923 0.12740384615384615
1 0.5913461538461539 0.20072115384615385 0.08653846153846154 0.10817307692307693
1 0.5360576923076923 0.21875 0.0673076923076923 0.13221153846153846
1 0.4266826923076923 0.23918269230769232 0.08653846153846154 0.09134615384615384
1 0.7091346153846154 0.20552884615384615 0.09134615384615384 0.0889423076923077
1 0.6418269230769231 0.26322115384615385 0.08173076923076923 0.13942307692307693
0 0.4423076923076923 0.30528846153846156 0.06009615384615385 0.0889423076923077
1 0.7115384615384616 0.2692307692307692 0.09134615384615384 0.09615384615384616
1 0.5793269230769231 0.29086538461538464 0.08653846153846154 0.11298076923076923
1 0.4987980769230769 0.30528846153846156 0.08173076923076923 0.12980769230769232
0 0.3701923076923077 0.3389423076923077 0.052884615384615384 0.09134615384615384
1 0.7824519230769231 0.3076923076923077 0.10336538461538461 0.09615384615384616
1 0.5180288461538461 0.3798076923076923 0.09134615384615384 0.13701923076923078
0 0.41225961538461536 0.39783653846153844 0.055288461538461536 0.08653846153846154
0 0.46875 0.3942307692307692 0.057692307692307696 0.08653846153846154
1 0.6862980769230769 0.36538461538461536 0.09134615384615384 0.125
1 0.6165865384615384 0.39302884615384615 0.07211538461538461 0.16105769230769232
1 0.5745192307692307 0.40384615384615385 0.07211538461538461 0.15384615384615385
0 0.3737980769230769 0.44471153846153844 0.06009615384615385 0.10096153846153846
1 0.6670673076923077 0.41225961538461536 0.08413461538461539 0.15384615384615385
1 0.7572115384615384 0.4026442307692308 0.0889423076923077 0.13221153846153846
0 0.41225961538461536 0.4699519230769231 0.0625 0.0985576923076923