0 0.3581730769230769 0.4675480769230769 0.04807692307692308 0.09375
0 0.47716346153846156 0.4831730769230769 0.04807692307692308 0.08413461538461539
0 0.6189903846153846 0.49399038461538464 0.04567307692307692 0.09615384615384616
0 0.7151442307692307 0.5576923076923077 0.052884615384615384 0.10817307692307693
0 0.25961538461538464 0.5997596153846154 0.052884615384615384 0.09615384615384616
0 0.39663461538461536 0.6706730769230769 0.05048076923076923 0.10096153846153846
0 0.4879807692307692 0.6850961538461539 0.04567307692307692 0.09615384615384616
0 0.5949519230769231 0.7079326923076923 0.052884615384615384 0.10096153846153846
0 0.32572115384615385 0.7307692307692307 0.04807692307692308 0.10576923076923077
0 0.40024038461538464 0.18389423076923078 0.04326923076923077 0.08173076923076923
0 0.2956730769230769 0.21754807692307693 0.04567307692307692 0.09134615384615384
0 0.5973557692307693 0.26322115384615385 0.04807692307692308 0.0985576923076923
0 0.3557692307692308 0.27524038461538464 0.04807692307692308 0.08173076923076923
0 0.4831730769230769 0.2800480769230769 0.04567307692307692 0.07932692307692307
0 0.6694711538461539 0.2932692307692308 0.04807692307692308 0.09615384615384616
0 0.23557692307692307 0.30528846153846156 0.04326923076923077 0.09615384615384616
0 0.4170673076923077 0.3329326923076923 0.04567307692307692 0.08173076923076923
0 0.5108173076923077 0.3401442307692308 0.04567307692307692 0.08173076923076923
0 0.65625 0.38100961538461536 0.04807692307692308 0.09375
0 0.2776442307692308 0.37740384615384615 0.04567307692307692 0.09375
0 0.546875 0.45552884615384615 0.04807692307692308 0.08653846153846154
0 0.4026442307692308 0.46634615384615385 0.04807692307692308 0.09615384615384616