1 0.4254807692307692 0.47836538461538464 0.057692307692307696 0.14423076923076922
1 0.3581730769230769 0.4879807692307692 0.06009615384615385 0.13701923076923078
1 0.6574519230769231 0.5204326923076923 0.0889423076923077 0.11538461538461539
1 0.47716346153846156 0.5516826923076923 0.04326923076923077 0.15144230769230768
1 0.31490384615384615 0.5588942307692307 0.04807692307692308 0.16105769230769232
1 0.25240384615384615 0.5769230769230769 0.06971153846153846 0.14182692307692307
1 0.5612980769230769 0.6057692307692307 0.057692307692307696 0.15144230769230768
1 0.39783653846153844 0.625 0.052884615384615384 0.15865384615384615
1 0.4639423076923077 0.65625 0.07451923076923077 0.11298076923076923
1 0.6394230769230769 0.6538461538461539 0.0673076923076923 0.16105769230769232
1 0.3449519230769231 0.6899038461538461 0.06971153846153846 0.13221153846153846
1 0.4326923076923077 0.7259615384615384 0.08413461538461539 0.11538461538461539
1 0.5240384615384616 0.7379807692307693 0.08653846153846154 0.10576923076923077
1 0.4050480769230769 0.22596153846153846 0.04567307692307692 0.13221153846153846
1 0.3233173076923077 0.2403846153846154 0.04807692307692308 0.13701923076923078
1 0.5336538461538461 0.24759615384615385 0.06971153846153846 0.07932692307692307
1 0.27884615384615385 0.2764423076923077 0.0625 0.12740384615384615
1 0.44471153846153844 0.32572115384615385 0.052884615384615384 0.12980769230769232
1 0.3870192307692308 0.33413461538461536 0.04567307692307692 0.14423076923076922
1 0.5492788461538461 0.3317307692307692 0.07451923076923077 0.07932692307692307
1 0.34615384615384615 0.38822115384615385 0.055288461538461536 0.12740384615384615
1 0.4963942307692308 0.39302884615384615 0.06009615384615385 0.12980769230769232
1 0.6502403846153846 0.40024038461538464 0.052884615384615384 0.14182692307692307
1 0.2800480769230769 0.43149038461538464 0.07451923076923077 0.10576923076923077
1 0.20192307692307693 0.4387019230769231 0.0673076923076923 0.13221153846153846
1 0.5516826923076923 0.4651442307692308 0.052884615384615384 0.12740384615384615