0 0.5516826923076923 0.4699519230769231 0.04807692307692308 0.08413461538461539
0 0.296875 0.5132211538461539 0.052884615384615384 0.08653846153846154
0 0.5913461538461539 0.4735576923076923 0.052884615384615384 0.0889423076923077
0 0.35216346153846156 0.5240384615384616 0.055288461538461536 0.09134615384615384
0 0.42788461538461536 0.5408653846153846 0.055288461538461536 0.09134615384615384
0 0.5372596153846154 0.5288461538461539 0.052884615384615384 0.09134615384615384
0 0.3269230769230769 0.5709134615384616 0.05048076923076923 0.07932692307692307
0 0.640625 0.5396634615384616 0.055288461538461536 0.0889423076923077
0 0.5252403846153846 0.6189903846153846 0.052884615384615384 0.09375
0 0.34375 0.6490384615384616 0.057692307692307696 0.0985576923076923
0 0.3016826923076923 0.6634615384615384 0.055288461538461536 0.09134615384615384
0 0.40865384615384615 0.6875 0.057692307692307696 0.09615384615384616
0 0.3581730769230769 0.2668269230769231 0.052884615384615384 0.08653846153846154
0 0.4026442307692308 0.2932692307692308 0.052884615384615384 0.09134615384615384
0 0.21754807692307693 0.33413461538461536 0.06009615384615385 0.0985576923076923
0 0.484375 0.30649038461538464 0.052884615384615384 0.08653846153846154
0 0.4170673076923077 0.39783653846153844 0.05048076923076923 0.08413461538461539
0 0.33533653846153844 0.4338942307692308 0.052884615384615384 0.08653846153846154
0 0.515625 0.42788461538461536 0.04807692307692308 0.08413461538461539
0 0.375 0.4699519230769231 0.05048076923076923 0.08653846153846154
0 0.41225961538461536 0.4651442307692308 0.04807692307692308 0.07692307692307693
0 0.4495192307692308 0.45913461538461536 0.04807692307692308 0.08413461538461539
0 0.48677884615384615 0.45552884615384615 0.04807692307692308 0.08413461538461539