0 0.1875 0.5576923076923077 0.06009615384615385 0.10576923076923077
0 0.3942307692307692 0.5300480769230769 0.055288461538461536 0.10096153846153846
0 0.24879807692307693 0.5228365384615384 0.06009615384615385 0.0985576923076923
0 0.34615384615384615 0.49158653846153844 0.055288461538461536 0.10576923076923077
0 0.6213942307692307 0.45552884615384615 0.057692307692307696 0.09615384615384616
0 0.5096153846153846 0.3942307692307692 0.055288461538461536 0.10336538461538461
0 0.4182692307692308 0.3425480769230769 0.057692307692307696 0.10096153846153846
0 0.25841346153846156 0.30528846153846156 0.06490384615384616 0.10817307692307693
0 0.34975961538461536 0.2283653846153846 0.057692307692307696 0.11057692307692307
0 0.640625 0.8677884615384616 0.05048076923076923 0.0889423076923077
0 0.5649038461538461 0.8509615384615384 0.05048076923076923 0.09375
0 0.6382211538461539 0.7788461538461539 0.052884615384615384 0.08653846153846154
0 0.35336538461538464 0.7896634615384616 0.052884615384615384 0.09615384615384616
0 0.45072115384615385 0.7572115384615384 0.052884615384615384 0.09375
0 0.4891826923076923 0.7151442307692307 0.05048076923076923 0.0985576923076923
0 0.7151442307692307 0.6634615384615384 0.052884615384615384 0.09615384615384616
0 0.6165865384615384 0.6526442307692307 0.052884615384615384 0.09375
0 0.2439903846153846 0.6887019230769231 0.057692307692307696 0.10096153846153846
0 0.31850961538461536 0.6790865384615384 0.057692307692307696 0.09615384615384616
0 0.3894230769230769 0.6658653846153846 0.052884615384615384 0.09375
0 0.5420673076923077 0.640625 0.052884615384615384 0.09375
0 0.47596153846153844 0.5649038461538461 0.055288461538461536 0.10336538461538461