0 0.4411057692307692 0.49158653846153844 0.052884615384615384 0.08413461538461539
0 0.6935096153846154 0.43509615384615385 0.057692307692307696 0.08653846153846154
0 0.4050480769230769 0.5096153846153846 0.057692307692307696 0.09134615384615384
0 0.6466346153846154 0.46634615384615385 0.0625 0.09375
0 0.5829326923076923 0.5108173076923077 0.06009615384615385 0.09375
0 0.47596153846153844 0.5408653846153846 0.06009615384615385 0.09375
0 0.6862980769230769 0.5012019230769231 0.055288461538461536 0.07932692307692307
0 0.38461538461538464 0.5889423076923077 0.06009615384615385 0.09134615384615384
0 0.5216346153846154 0.6201923076923077 0.057692307692307696 0.09615384615384616
0 0.7007211538461539 0.5793269230769231 0.06490384615384616 0.10096153846153846
0 0.7451923076923077 0.578125 0.0625 0.09375
0 0.6538461538461539 0.6394230769230769 0.06490384615384616 0.0985576923076923
0 0.5444711538461539 0.23076923076923078 0.057692307692307696 0.08653846153846154
0 0.5120192307692307 0.27163461538461536 0.057692307692307696 0.09134615384615384
0 0.7007211538461539 0.2403846153846154 0.06490384615384616 0.0985576923076923
0 0.4423076923076923 0.31490384615384615 0.057692307692307696 0.0889423076923077
0 0.5384615384615384 0.3737980769230769 0.055288461538461536 0.08413461538461539
0 0.6286057692307693 0.3762019230769231 0.057692307692307696 0.0889423076923077
0 0.45913461538461536 0.4387019230769231 0.052884615384615384 0.08413461538461539
0 0.6045673076923077 0.4254807692307692 0.055288461538461536 0.08653846153846154
0 0.5685096153846154 0.43509615384615385 0.05048076923076923 0.07932692307692307
0 0.53125 0.44350961538461536 0.055288461538461536 0.08653846153846154
0 0.4951923076923077 0.4543269230769231 0.052884615384615384 0.08653846153846154