0 0.8173076923076923 0.5252403846153846 0.05048076923076923 0.10096153846153846
0 0.6081730769230769 0.5192307692307693 0.04326923076923077 0.09615384615384616
0 0.7524038461538461 0.4963942307692308 0.05048076923076923 0.09615384615384616
0 0.6526442307692307 0.47596153846153844 0.04567307692307692 0.10096153846153846
0 0.375 0.46875 0.04807692307692308 0.09134615384615384
0 0.4795673076923077 0.3954326923076923 0.04567307692307692 0.10096153846153846
0 0.5649038461538461 0.33533653846153844 0.04807692307692308 0.09615384615384616
0 0.7199519230769231 0.28125 0.055288461538461536 0.10336538461538461
0 0.6213942307692307 0.21394230769230768 0.04807692307692308 0.10576923076923077
0 0.39903846153846156 0.8810096153846154 0.040865384615384616 0.08413461538461539
0 0.4723557692307692 0.8557692307692307 0.040865384615384616 0.09134615384615384
0 0.3918269230769231 0.7920673076923077 0.04326923076923077 0.08173076923076923
0 0.6766826923076923 0.7728365384615384 0.04326923076923077 0.09134615384615384
0 0.5757211538461539 0.7512019230769231 0.04326923076923077 0.09134615384615384
0 0.5336538461538461 0.7127403846153846 0.04326923076923077 0.09375
0 0.30288461538461536 0.6850961538461539 0.04326923076923077 0.09134615384615384
0 0.40024038461538464 0.6634615384615384 0.04326923076923077 0.09134615384615384
0 0.7740384615384616 0.6610576923076923 0.04807692307692308 0.09615384615384616
0 0.6995192307692307 0.6586538461538461 0.04807692307692308 0.09134615384615384
0 0.6274038461538461 0.6538461538461539 0.04326923076923077 0.09134615384615384
0 0.4723557692307692 0.6442307692307693 0.04326923076923077 0.09134615384615384
0 0.53125 0.5625 0.04326923076923077 0.10096153846153846