1 0.5516826923076923 0.5012019230769231 0.07692307692307693 0.15384615384615385
1 0.41947115384615385 0.5432692307692307 0.0625 0.16826923076923078
1 0.32211538461538464 0.5588942307692307 0.08413461538461539 0.15865384615384615
1 0.5612980769230769 0.6165865384615384 0.09375 0.10096153846153846
1 0.640625 0.6358173076923077 0.09615384615384616 0.13221153846153846
1 0.49158653846153844 0.6466346153846154 0.0673076923076923 0.17307692307692307
1 0.3858173076923077 0.6634615384615384 0.07932692307692307 0.1466346153846154
1 0.23317307692307693 0.6574519230769231 0.09615384615384616 0.12740384615384615
1 0.546875 0.7211538461538461 0.10096153846153846 0.11298076923076923
1 0.32091346153846156 0.75 0.0985576923076923 0.12740384615384615
1 0.44711538461538464 0.7632211538461539 0.09375 0.10576923076923077
1 0.5552884615384616 0.14302884615384615 0.07692307692307693 0.11298076923076923
1 0.6959134615384616 0.20673076923076922 0.07692307692307693 0.13701923076923078
1 0.5889423076923077 0.21514423076923078 0.07932692307692307 0.1201923076923077
1 0.41346153846153844 0.23197115384615385 0.09134615384615384 0.13701923076923078
1 0.7247596153846154 0.3137019230769231 0.09375 0.1201923076923077
1 0.4831730769230769 0.2980769230769231 0.057692307692307696 0.16105769230769232
1 0.546875 0.3161057692307692 0.0889423076923077 0.11778846153846154
1 0.3317307692307692 0.31850961538461536 0.07451923076923077 0.15144230769230768
1 0.6177884615384616 0.35096153846153844 0.06490384615384616 0.16105769230769232
1 0.41466346153846156 0.3473557692307692 0.08653846153846154 0.12980769230769232
1 0.28966346153846156 0.39783653846153844 0.0985576923076923 0.0985576923076923
1 0.7307692307692307 0.46153846153846156 0.09375 0.13942307692307693
1 0.3858173076923077 0.45072115384615385 0.055288461538461536 0.15625
1 0.6442307692307693 0.4807692307692308 0.09134615384615384 0.1346153846153846
1 0.4855769230769231 0.46634615384615385 0.055288461538461536 0.16346153846153846