1 0.5516826923076923 0.5084134615384616 0.0985576923076923 0.15865384615384615
1 0.41346153846153844 0.5300480769230769 0.08653846153846154 0.17067307692307693
1 0.31490384615384615 0.5300480769230769 0.10576923076923077 0.1658653846153846
1 0.5420673076923077 0.625 0.10576923076923077 0.11057692307692307
1 0.6177884615384616 0.65625 0.11298076923076923 0.14182692307692307
1 0.46875 0.6430288461538461 0.09134615384615384 0.17548076923076922
1 0.36177884615384615 0.6430288461538461 0.10096153846153846 0.15384615384615385
1 0.21153846153846154 0.6129807692307693 0.11298076923076923 0.13701923076923078
1 0.5120192307692307 0.7259615384615384 0.11538461538461539 0.12259615384615384
1 0.2848557692307692 0.71875 0.11538461538461539 0.13942307692307693
1 0.40625 0.7512019230769231 0.10576923076923077 0.11538461538461539
1 0.6105769230769231 0.15625 0.09134615384615384 0.1201923076923077
1 0.7403846153846154 0.2403846153846154 0.09615384615384616 0.14423076923076922
1 0.6322115384615384 0.23317307692307693 0.09375 0.12740384615384615
1 0.4567307692307692 0.22235576923076922 0.10817307692307693 0.1466346153846154
1 0.7512019230769231 0.35096153846153844 0.10817307692307693 0.12980769230769232
1 0.5144230769230769 0.296875 0.08173076923076923 0.16346153846153846
1 0.5757211538461539 0.32572115384615385 0.10336538461538461 0.125
1 0.36177884615384615 0.29447115384615385 0.09615384615384616 0.15625
1 0.6394230769230769 0.3701923076923077 0.08653846153846154 0.16346153846153846
1 0.43990384615384615 0.33533653846153844 0.10336538461538461 0.13942307692307693
1 0.3076923076923077 0.36658653846153844 0.10817307692307693 0.11057692307692307
1 0.734375 0.49759615384615385 0.11057692307692307 0.1466346153846154
1 0.3942307692307692 0.4326923076923077 0.07692307692307693 0.15865384615384615
1 0.6454326923076923 0.5036057692307693 0.10817307692307693 0.14423076923076922
1 0.49038461538461536 0.4639423076923077 0.07932692307692307 0.1658653846153846