0 0.5528846153846154 0.5276442307692307 0.04567307692307692 0.08173076923076923
0 0.2956730769230769 0.49759615384615385 0.04807692307692308 0.08413461538461539
0 0.59375 0.5216346153846154 0.04807692307692308 0.0889423076923077
0 0.35096153846153844 0.484375 0.052884615384615384 0.09134615384615384
0 0.4254807692307692 0.46274038461538464 0.05048076923076923 0.09134615384615384
0 0.5360576923076923 0.46875 0.05048076923076923 0.09134615384615384
0 0.3245192307692308 0.4375 0.04807692307692308 0.07692307692307693
0 0.6382211538461539 0.453125 0.052884615384615384 0.0889423076923077
0 0.5192307692307693 0.3798076923076923 0.04807692307692308 0.09375
0 0.33533653846153844 0.359375 0.052884615384615384 0.0985576923076923
0 0.2932692307692308 0.34615384615384615 0.052884615384615384 0.0889423076923077
0 0.39903846153846156 0.3173076923076923 0.052884615384615384 0.09615384615384616
0 0.3713942307692308 0.7403846153846154 0.04807692307692308 0.08413461538461539
0 0.41346153846153844 0.7115384615384616 0.04807692307692308 0.0889423076923077
0 0.22596153846153846 0.6802884615384616 0.055288461538461536 0.09615384615384616
0 0.49399038461538464 0.6935096153846154 0.04807692307692308 0.08653846153846154
0 0.421875 0.6069711538461539 0.04567307692307692 0.08173076923076923
0 0.3389423076923077 0.5745192307692307 0.04807692307692308 0.08653846153846154
0 0.5192307692307693 0.5709134615384616 0.04567307692307692 0.08173076923076923
0 0.3762019230769231 0.5360576923076923 0.04567307692307692 0.08413461538461539
0 0.41346153846153844 0.5396634615384616 0.04326923076923077 0.07451923076923077
0 0.4519230769230769 0.5432692307692307 0.04567307692307692 0.08173076923076923
0 0.4891826923076923 0.5444711538461539 0.04326923076923077 0.08413461538461539