0 0.3401442307692308 0.5516826923076923 0.055288461538461536 0.0985576923076923
0 0.5204326923076923 0.5360576923076923 0.06009615384615385 0.0985576923076923
0 0.265625 0.6790865384615384 0.0673076923076923 0.10576923076923077
0 0.3605769230769231 0.6766826923076923 0.0625 0.10336538461538461
0 0.4074519230769231 0.7620192307692307 0.06490384615384616 0.11057692307692307
0 0.359375 0.7860576923076923 0.0673076923076923 0.11298076923076923
0 0.4387019230769231 0.1935096153846154 0.055288461538461536 0.0985576923076923
0 0.5841346153846154 0.19831730769230768 0.06009615384615385 0.09615384615384616
0 0.35096153846153844 0.2668269230769231 0.057692307692307696 0.0985576923076923
0 0.21153846153846154 0.28846153846153844 0.0625 0.0985576923076923
0 0.6382211538461539 0.25 0.057692307692307696 0.09615384615384616
0 0.6033653846153846 0.296875 0.052884615384615384 0.0985576923076923
0 0.16947115384615385 0.3954326923076923 0.06971153846153846 0.10817307692307693
0 0.4362980769230769 0.36538461538461536 0.055288461538461536 0.09375
0 0.4831730769230769 0.36538461538461536 0.057692307692307696 0.09375
0 0.32091346153846156 0.39663461538461536 0.057692307692307696 0.09375
0 0.5853365384615384 0.38221153846153844 0.057692307692307696 0.09615384615384616
0 0.42788461538461536 0.4387019230769231 0.055288461538461536 0.09615384615384616
0 0.6502403846153846 0.4050480769230769 0.0625 0.0985576923076923
0 0.3161057692307692 0.47475961538461536 0.0625 0.09615384615384616
0 0.4675480769230769 0.4543269230769231 0.057692307692307696 0.09615384615384616
0 0.5108173076923077 0.4483173076923077 0.0625 0.0985576923076923
0 0.3762019230769231 0.4831730769230769 0.055288461538461536 0.10336538461538461