1 0.3605769230769231 0.49399038461538464 0.040865384615384616 0.15625
0 0.6971153846153846 0.5096153846153846 0.05048076923076923 0.10576923076923077
1 0.4795673076923077 0.515625 0.04807692307692308 0.16346153846153846
1 0.26802884615384615 0.53125 0.08413461538461539 0.12980769230769232
1 0.43990384615384615 0.5516826923076923 0.06009615384615385 0.15384615384615385
1 0.2956730769230769 0.5685096153846154 0.08413461538461539 0.11538461538461539
1 0.5300480769230769 0.5757211538461539 0.052884615384615384 0.18269230769230768
1 0.5913461538461539 0.5949519230769231 0.04807692307692308 0.18509615384615385
0 0.7079326923076923 0.6009615384615384 0.04567307692307692 0.0985576923076923
1 0.36899038461538464 0.6129807692307693 0.052884615384615384 0.18028846153846154
1 0.41225961538461536 0.6189903846153846 0.04807692307692308 0.17307692307692307
0 0.6754807692307693 0.6658653846153846 0.05048076923076923 0.10336538461538461
0 0.48677884615384615 0.6875 0.05048076923076923 0.10336538461538461
1 0.25240384615384615 0.6935096153846154 0.08653846153846154 0.15384615384615385
1 0.3233173076923077 0.7259615384615384 0.09615384615384616 0.09375
1 0.44350961538461536 0.7331730769230769 0.04807692307692308 0.20432692307692307
1 0.39663461538461536 0.7596153846153846 0.0625 0.1778846153846154
1 0.32091346153846156 0.8221153846153846 0.10096153846153846 0.10096153846153846
1 0.5168269230769231 0.234375 0.07451923076923077 0.10096153846153846
0 0.5985576923076923 0.24158653846153846 0.04567307692307692 0.09134615384615384
1 0.45913461538461536 0.2512019230769231 0.057692307692307696 0.14182692307692307
1 0.3894230769230769 0.2620192307692308 0.08413461538461539 0.09375
0 0.7175480769230769 0.28966346153846156 0.04567307692307692 0.08173076923076923
0 0.5348557692307693 0.2932692307692308 0.05048076923076923 0.0889423076923077
1 0.32211538461538464 0.3137019230769231 0.08653846153846154 0.09375
0 0.640625 0.31971153846153844 0.04567307692307692 0.08413461538461539
0 0.5925480769230769 0.3293269230769231 0.040865384615384616 0.08173076923076923
1 0.4170673076923077 0.3401442307692308 0.07932692307692307 0.10576923076923077
1 0.49158653846153844 0.3605769230769231 0.07932692307692307 0.10096153846153846
1 0.28846153846153844 0.3641826923076923 0.0889423076923077 0.0889423076923077
0 0.7151442307692307 0.3798076923076923 0.04567307692307692 0.08653846153846154
0 0.6274038461538461 0.3798076923076923 0.04326923076923077 0.08413461538461539
1 0.36538461538461536 0.38221153846153844 0.08413461538461539 0.08173076923076923
0 0.5516826923076923 0.3894230769230769 0.04567307692307692 0.10096153846153846
1 0.5072115384615384 0.4230769230769231 0.08413461538461539 0.0889423076923077
1 0.41947115384615385 0.4326923076923077 0.08653846153846154 0.08413461538461539
0 0.6045673076923077 0.43990384615384615 0.04326923076923077 0.0889423076923077
1 0.29927884615384615 0.43990384615384615 0.09375 0.09375
1 0.2247596153846154 0.4495192307692308 0.07211538461538461 0.1658653846153846
0 0.7680288461538461 0.4639423076923077 0.04807692307692308 0.10096153846153846
0 0.6526442307692307 0.46634615384615385 0.04567307692307692 0.09375