1 0.43028846153846156 0.49038461538461536 0.040865384615384616 0.13221153846153846
1 0.3329326923076923 0.49759615384615385 0.07692307692307693 0.09375
1 0.6310096153846154 0.5144230769230769 0.04326923076923077 0.13942307692307693
1 0.546875 0.5625 0.05048076923076923 0.14182692307692307
1 0.6862980769230769 0.5853365384615384 0.07211538461538461 0.12740384615384615
1 0.6057692307692307 0.6021634615384616 0.055288461538461536 0.1466346153846154
1 0.49038461538461536 0.6081730769230769 0.05048076923076923 0.14423076923076922
1 0.4098557692307692 0.6237980769230769 0.0673076923076923 0.1346153846153846
1 0.7548076923076923 0.6442307692307693 0.06971153846153846 0.12259615384615384
1 0.33052884615384615 0.6322115384615384 0.07211538461538461 0.12980769230769232
1 0.6334134615384616 0.6947115384615384 0.055288461538461536 0.14903846153846154
1 0.5480769230769231 0.7211538461538461 0.04807692307692308 0.16346153846153846
1 0.48677884615384615 0.7199519230769231 0.07451923076923077 0.09375
1 0.6838942307692307 0.75 0.06971153846153846 0.12259615384615384
1 0.4182692307692308 0.765625 0.08413461538461539 0.08173076923076923
1 0.5853365384615384 0.8004807692307693 0.07451923076923077 0.09615384615384616
1 0.5024038461538461 0.8052884615384616 0.08173076923076923 0.08173076923076923
1 0.47836538461538464 0.28725961538461536 0.06971153846153846 0.07692307692307693
1 0.6045673076923077 0.33413461538461536 0.055288461538461536 0.11778846153846154
1 0.4543269230769231 0.36899038461538464 0.07211538461538461 0.08653846153846154
1 0.6694711538461539 0.38461538461538464 0.04326923076923077 0.13701923076923078
1 0.3557692307692308 0.38100961538461536 0.055288461538461536 0.1346153846153846
1 0.5492788461538461 0.4050480769230769 0.05048076923076923 0.1346153846153846
1 0.6057692307692307 0.4387019230769231 0.06009615384615385 0.12259615384615384
1 0.7067307692307693 0.44350961538461536 0.06490384615384616 0.10096153846153846
1 0.49278846153846156 0.44591346153846156 0.0625 0.10817307692307693