1 0.42788461538461536 0.47115384615384615 0.0673076923076923 0.14903846153846154
1 0.359375 0.4735576923076923 0.06971153846153846 0.14182692307692307
1 0.6550480769230769 0.5360576923076923 0.09615384615384616 0.1201923076923077
1 0.47115384615384615 0.5492788461538461 0.052884615384615384 0.15384615384615385
1 0.31009615384615385 0.5384615384615384 0.06009615384615385 0.16346153846153846
1 0.24639423076923078 0.5504807692307693 0.07932692307692307 0.1466346153846154
1 0.5492788461538461 0.6117788461538461 0.0673076923076923 0.15384615384615385
1 0.38461538461538464 0.6129807692307693 0.0625 0.16105769230769232
1 0.4483173076923077 0.6514423076923077 0.08173076923076923 0.11778846153846154
1 0.6225961538461539 0.6670673076923077 0.07932692307692307 0.1658653846153846
1 0.32572115384615385 0.6730769230769231 0.07932692307692307 0.13701923076923078
1 0.4098557692307692 0.7175480769230769 0.09134615384615384 0.1201923076923077
1 0.5 0.7391826923076923 0.09375 0.11057692307692307
1 0.4338942307692308 0.21754807692307693 0.055288461538461536 0.1346153846153846
1 0.35216346153846156 0.22235576923076922 0.057692307692307696 0.13942307692307693
1 0.5600961538461539 0.2536057692307692 0.07451923076923077 0.08413461538461539
1 0.30288461538461536 0.2548076923076923 0.07211538461538461 0.13221153846153846
1 0.4639423076923077 0.32091346153846156 0.0625 0.1346153846153846
1 0.4050480769230769 0.3233173076923077 0.055288461538461536 0.1466346153846154
1 0.5661057692307693 0.33774038461538464 0.07932692307692307 0.08173076923076923
1 0.359375 0.37259615384615385 0.06490384615384616 0.13221153846153846
1 0.5084134615384616 0.39302884615384615 0.06971153846153846 0.1346153846153846
1 0.6598557692307693 0.41586538461538464 0.0625 0.1466346153846154
1 0.28846153846153844 0.40865384615384615 0.08173076923076923 0.11057692307692307
1 0.21033653846153846 0.40865384615384615 0.07692307692307693 0.13701923076923078
1 0.5540865384615384 0.47115384615384615 0.0625 0.12980769230769232