0 0.3088942307692308 0.5661057692307693 0.06971153846153846 0.10336538461538461
0 0.45913461538461536 0.5216346153846154 0.06971153846153846 0.10096153846153846
1 0.7848557692307693 0.421875 0.10817307692307693 0.14903846153846154
1 0.5588942307692307 0.4699519230769231 0.11057692307692307 0.14182692307692307
1 0.7139423076923077 0.41225961538461536 0.08173076923076923 0.17548076923076922
0 0.32572115384615385 0.48677884615384615 0.07211538461538461 0.11057692307692307
1 0.6646634615384616 0.39783653846153844 0.10576923076923077 0.16105769230769232
0 0.6141826923076923 0.4074519230769231 0.07211538461538461 0.11778846153846154
0 0.4098557692307692 0.4567307692307692 0.07211538461538461 0.10576923076923077
1 0.49038461538461536 0.3918269230769231 0.10817307692307693 0.17067307692307693
0 0.36538461538461536 0.3858173076923077 0.07932692307692307 0.10817307692307693
0 0.2668269230769231 0.36538461538461536 0.07932692307692307 0.11538461538461539
0 0.3605769230769231 0.28966346153846156 0.08173076923076923 0.12740384615384615
0 0.4098557692307692 0.26322115384615385 0.08653846153846154 0.12980769230769232
1 0.7367788461538461 0.8161057692307693 0.08653846153846154 0.11778846153846154
1 0.7692307692307693 0.796875 0.08653846153846154 0.12259615384615384
1 0.6646634615384616 0.8197115384615384 0.09615384615384616 0.11298076923076923
1 0.8317307692307693 0.765625 0.09134615384615384 0.10576923076923077
1 0.5997596153846154 0.7872596153846154 0.07211538461538461 0.13701923076923078
1 0.7704326923076923 0.7355769230769231 0.0889423076923077 0.13221153846153846
1 0.7007211538461539 0.7391826923076923 0.09375 0.11298076923076923
1 0.6430288461538461 0.7439903846153846 0.07692307692307693 0.1346153846153846
1 0.5348557692307693 0.7692307692307693 0.09375 0.09615384615384616
1 0.8076923076923077 0.6899038461538461 0.09615384615384616 0.09615384615384616
1 0.7223557692307693 0.6622596153846154 0.09134615384615384 0.14182692307692307
0 0.5228365384615384 0.7007211538461539 0.0673076923076923 0.09134615384615384
1 0.7848557692307693 0.6298076923076923 0.0985576923076923 0.10096153846153846
1 0.6538461538461539 0.6622596153846154 0.09615384615384616 0.11778846153846154
1 0.5745192307692307 0.6790865384615384 0.09134615384615384 0.13221153846153846
0 0.44350961538461536 0.6983173076923077 0.06009615384615385 0.09375
1 0.8353365384615384 0.5661057692307693 0.10817307692307693 0.10096153846153846
1 0.5625 0.6033653846153846 0.10096153846153846 0.13942307692307693
0 0.45913461538461536 0.6274038461538461 0.06009615384615385 0.0889423076923077
0 0.5120192307692307 0.609375 0.0625 0.0889423076923077
1 0.7247596153846154 0.5504807692307693 0.10096153846153846 0.12980769230769232
1 0.6490384615384616 0.5528846153846154 0.08413461538461539 0.16346153846153846
1 0.6057692307692307 0.5588942307692307 0.08413461538461539 0.15384615384615385
0 0.40625 0.5997596153846154 0.0673076923076923 0.10336538461538461
1 0.6887019230769231 0.5144230769230769 0.09615384615384616 0.15625
1 0.7752403846153846 0.4891826923076923 0.0985576923076923 0.13701923076923078
0 0.43149038461538464 0.5612980769230769 0.06971153846153846 0.10096153846153846