0 0.43990384615384615 0.4951923076923077 0.038461538461538464 0.08653846153846154
1 0.5600961538461539 0.49158653846153844 0.038461538461538464 0.14182692307692307
0 0.33533653846153844 0.4891826923076923 0.04326923076923077 0.07692307692307693
1 0.59375 0.48197115384615385 0.03365384615384615 0.13942307692307693
1 0.6622596153846154 0.4651442307692308 0.057692307692307696 0.1201923076923077
0 0.4050480769230769 0.4483173076923077 0.04326923076923077 0.09375
1 0.6286057692307693 0.4423076923076923 0.038461538461538464 0.14423076923076922
1 0.5288461538461539 0.4254807692307692 0.0625 0.1466346153846154
1 0.7115384615384616 0.4050480769230769 0.06971153846153846 0.10096153846153846
0 0.3016826923076923 0.38822115384615385 0.04326923076923077 0.08653846153846154
0 0.37259615384615385 0.3870192307692308 0.038461538461538464 0.07211538461538461
1 0.47716346153846156 0.375 0.055288461538461536 0.15384615384615385
0 0.5757211538461539 0.35336538461538464 0.038461538461538464 0.0889423076923077
1 0.6201923076923077 0.3389423076923077 0.052884615384615384 0.15865384615384615
1 0.6622596153846154 0.33774038461538464 0.04326923076923077 0.1658653846153846
1 0.7295673076923077 0.328125 0.07692307692307693 0.11298076923076923
0 0.37740384615384615 0.30649038461538464 0.04807692307692308 0.0889423076923077
0 0.41586538461538464 0.2692307692307692 0.04567307692307692 0.09134615384615384
1 0.5949519230769231 0.75 0.06971153846153846 0.07451923076923077
1 0.6550480769230769 0.7295673076923077 0.0673076923076923 0.07932692307692307
1 0.5384615384615384 0.7259615384615384 0.040865384615384616 0.1346153846153846
1 0.4879807692307692 0.7091346153846154 0.06971153846153846 0.08413461538461539
1 0.6899038461538461 0.6983173076923077 0.06009615384615385 0.07692307692307693
1 0.5805288461538461 0.6694711538461539 0.052884615384615384 0.10576923076923077
1 0.7487980769230769 0.6682692307692307 0.0625 0.125
0 0.41466346153846156 0.6646634615384616 0.040865384615384616 0.07451923076923077
1 0.6310096153846154 0.6598557692307693 0.0673076923076923 0.08653846153846154
0 0.48197115384615385 0.6538461538461539 0.04326923076923077 0.07932692307692307
1 0.6959134615384616 0.6334134615384616 0.0625 0.09375
1 0.5240384615384616 0.625 0.06009615384615385 0.09615384615384616
0 0.43149038461538464 0.59375 0.038461538461538464 0.07692307692307693
1 0.59375 0.5901442307692307 0.07211538461538461 0.07692307692307693
1 0.7283653846153846 0.5841346153846154 0.07692307692307693 0.08653846153846154
0 0.390625 0.578125 0.038461538461538464 0.08653846153846154
1 0.6550480769230769 0.5733173076923077 0.05048076923076923 0.13221153846153846
0 0.47836538461538464 0.5709134615384616 0.03365384615384615 0.08413461538461539
0 0.3161057692307692 0.5673076923076923 0.040865384615384616 0.07932692307692307
1 0.5192307692307693 0.5492788461538461 0.07211538461538461 0.10336538461538461
0 0.41586538461538464 0.5396634615384616 0.040865384615384616 0.08173076923076923
1 0.7127403846153846 0.53125 0.07451923076923077 0.07932692307692307