0 0.5564903846153846 0.4807692307692308 0.040865384615384616 0.07932692307692307
0 0.2980769230769231 0.4699519230769231 0.04567307692307692 0.08173076923076923
0 0.5949519230769231 0.49278846153846156 0.04326923076923077 0.08653846153846154
0 0.34975961538461536 0.49158653846153844 0.04807692307692308 0.0889423076923077
0 0.4206730769230769 0.5252403846153846 0.04567307692307692 0.0889423076923077
0 0.5300480769230769 0.5360576923076923 0.04567307692307692 0.0889423076923077
0 0.3161057692307692 0.5336538461538461 0.04326923076923077 0.07451923076923077
0 0.6286057692307693 0.5685096153846154 0.04807692307692308 0.08653846153846154
0 0.5 0.6213942307692307 0.04326923076923077 0.09134615384615384
0 0.3161057692307692 0.6129807692307693 0.05048076923076923 0.09615384615384616
0 0.27283653846153844 0.6189903846153846 0.04807692307692308 0.08653846153846154
0 0.37259615384615385 0.6646634615384616 0.04807692307692308 0.09375
0 0.4098557692307692 0.24278846153846154 0.04567307692307692 0.08173076923076923
0 0.4483173076923077 0.2764423076923077 0.04326923076923077 0.08653846153846154
0 0.25721153846153844 0.27884615384615385 0.05048076923076923 0.09375
0 0.5240384615384616 0.3076923076923077 0.04326923076923077 0.08413461538461539
0 0.43990384615384615 0.38221153846153844 0.04326923076923077 0.07932692307692307
0 0.35216346153846156 0.40024038461538464 0.04326923076923077 0.08413461538461539
0 0.5300480769230769 0.4326923076923077 0.040865384615384616 0.07932692307692307
0 0.38341346153846156 0.44471153846153844 0.040865384615384616 0.08173076923076923
0 0.4206730769230769 0.44711538461538464 0.040865384615384616 0.07451923076923077
0 0.45913461538461536 0.4495192307692308 0.040865384615384616 0.08173076923076923
0 0.4963942307692308 0.4543269230769231 0.038461538461538464 0.08173076923076923