0 0.6442307692307693 0.5204326923076923 0.05048076923076923 0.09375
0 0.5240384615384616 0.5144230769230769 0.04807692307692308 0.08413461538461539
0 0.38221153846153844 0.515625 0.04807692307692308 0.09615384615384616
0 0.2800480769230769 0.46153846153846156 0.052884615384615384 0.10817307692307693
0 0.7307692307692307 0.3798076923076923 0.055288461538461536 0.09615384615384616
0 0.5877403846153846 0.32091346153846156 0.052884615384615384 0.10096153846153846
0 0.4963942307692308 0.31490384615384615 0.04807692307692308 0.09615384615384616
0 0.3870192307692308 0.3016826923076923 0.055288461538461536 0.10336538461538461
0 0.6538461538461539 0.2548076923076923 0.05048076923076923 0.10576923076923077
0 0.6262019230769231 0.8064903846153846 0.04326923076923077 0.08173076923076923
0 0.7283653846153846 0.7632211538461539 0.04807692307692308 0.09134615384615384
0 0.42427884615384615 0.7451923076923077 0.05048076923076923 0.0985576923076923
0 0.6622596153846154 0.7115384615384616 0.04807692307692308 0.08173076923076923
0 0.5348557692307693 0.7175480769230769 0.04567307692307692 0.07932692307692307
0 0.3485576923076923 0.7211538461538461 0.05048076923076923 0.09615384615384616
0 0.78125 0.6706730769230769 0.04567307692307692 0.09615384615384616
0 0.5973557692307693 0.6598557692307693 0.04807692307692308 0.08173076923076923
0 0.5036057692307693 0.6598557692307693 0.04807692307692308 0.08173076923076923
0 0.3557692307692308 0.6310096153846154 0.04807692307692308 0.09375
0 0.7319711538461539 0.6021634615384616 0.04807692307692308 0.09375
0 0.4567307692307692 0.5480769230769231 0.04807692307692308 0.08653846153846154
0 0.5997596153846154 0.5252403846153846 0.05048076923076923 0.09615384615384616