1 0.43028846153846156 0.49278846153846156 0.0625 0.1346153846153846
1 0.33774038461538464 0.46153846153846156 0.09134615384615384 0.10576923076923077
1 0.6298076923076923 0.5180288461538461 0.0673076923076923 0.14182692307692307
1 0.5612980769230769 0.45072115384615385 0.07211538461538461 0.1466346153846154
1 0.7007211538461539 0.46153846153846156 0.09375 0.13701923076923078
1 0.6274038461538461 0.4266826923076923 0.07932692307692307 0.15144230769230768
1 0.5168269230769231 0.39302884615384615 0.07451923076923077 0.14903846153846154
1 0.44350961538461536 0.3581730769230769 0.0889423076923077 0.14423076923076922
1 0.7824519230769231 0.4206730769230769 0.0889423076923077 0.13221153846153846
1 0.36778846153846156 0.33052884615384615 0.09375 0.13942307692307693
1 0.6766826923076923 0.34375 0.07932692307692307 0.15384615384615385
1 0.5997596153846154 0.296875 0.07692307692307693 0.1658653846153846
1 0.5396634615384616 0.28365384615384615 0.0889423076923077 0.10336538461538461
1 0.7391826923076923 0.3016826923076923 0.0889423076923077 0.13221153846153846
1 0.4855769230769231 0.22235576923076922 0.09615384615384616 0.09375
1 0.65625 0.22956730769230768 0.0889423076923077 0.10576923076923077
1 0.5769230769230769 0.20432692307692307 0.09375 0.09375
1 0.42788461538461536 0.7007211538461539 0.08173076923076923 0.08653846153846154
1 0.5612980769230769 0.6862980769230769 0.07451923076923077 0.125
1 0.4230769230769231 0.6165865384615384 0.08653846153846154 0.0985576923076923
1 0.6370192307692307 0.6526442307692307 0.0673076923076923 0.14182692307692307
1 0.3317307692307692 0.5805288461538461 0.07932692307692307 0.14182692307692307
1 0.5252403846153846 0.6033653846153846 0.07211538461538461 0.13942307692307693
1 0.5877403846153846 0.5853365384615384 0.07932692307692307 0.12980769230769232
1 0.6862980769230769 0.6045673076923077 0.07932692307692307 0.10817307692307693
1 0.4795673076923077 0.5504807692307693 0.07932692307692307 0.11778846153846154