0 0.6971153846153846 0.5492788461538461 0.0625 0.10096153846153846
0 0.5420673076923077 0.5180288461538461 0.0625 0.0985576923076923
1 0.2091346153846154 0.44711538461538464 0.0985576923076923 0.14423076923076922
1 0.4387019230769231 0.47596153846153844 0.10096153846153846 0.13701923076923078
1 0.2800480769230769 0.43149038461538464 0.0673076923076923 0.17548076923076922
0 0.671875 0.47115384615384615 0.0625 0.10817307692307693
1 0.328125 0.41346153846153844 0.09375 0.15865384615384615
0 0.3786057692307692 0.4170673076923077 0.0625 0.11538461538461539
0 0.5865384615384616 0.4495192307692308 0.06490384615384616 0.10336538461538461
1 0.5 0.3918269230769231 0.09615384615384616 0.1658653846153846
0 0.625 0.375 0.07211538461538461 0.10576923076923077
0 0.7199519230769231 0.3449519230769231 0.07211538461538461 0.11298076923076923
0 0.6201923076923077 0.2776442307692308 0.07211538461538461 0.125
0 0.5685096153846154 0.25600961538461536 0.07692307692307693 0.12740384615384615
1 0.2920673076923077 0.8353365384615384 0.07692307692307693 0.11538461538461539
1 0.25721153846153844 0.8197115384615384 0.07692307692307693 0.1201923076923077
1 0.3629807692307692 0.8329326923076923 0.0889423076923077 0.10817307692307693
1 0.1935096153846154 0.7932692307692307 0.08413461538461539 0.10096153846153846
1 0.4254807692307692 0.7944711538461539 0.06009615384615385 0.13701923076923078
1 0.2512019230769231 0.7584134615384616 0.08173076923076923 0.12740384615384615
1 0.32091346153846156 0.7560096153846154 0.08653846153846154 0.10817307692307693
1 0.3786057692307692 0.7560096153846154 0.0673076923076923 0.13221153846153846
1 0.4891826923076923 0.7704326923076923 0.08653846153846154 0.09134615384615384
1 0.21033653846153846 0.7163461538461539 0.09134615384615384 0.0889423076923077
1 0.2920673076923077 0.6814903846153846 0.08173076923076923 0.13942307692307693
0 0.4951923076923077 0.7019230769230769 0.06009615384615385 0.0889423076923077
1 0.22716346153846154 0.6538461538461539 0.09134615384615384 0.09615384615384616
1 0.3605769230769231 0.6754807692307693 0.08653846153846154 0.11298076923076923
1 0.4411057692307692 0.6850961538461539 0.08173076923076923 0.12980769230769232
0 0.5745192307692307 0.6935096153846154 0.052884615384615384 0.09134615384615384
1 0.171875 0.5949519230769231 0.10336538461538461 0.09615384615384616
1 0.44591346153846156 0.6081730769230769 0.09134615384615384 0.13701923076923078
0 0.5516826923076923 0.6237980769230769 0.055288461538461536 0.08653846153846154
0 0.49759615384615385 0.6105769230769231 0.057692307692307696 0.08653846153846154
1 0.28125 0.5697115384615384 0.09134615384615384 0.125
1 0.3557692307692308 0.5661057692307693 0.07211538461538461 0.16105769230769232
1 0.39903846153846156 0.5685096153846154 0.07211538461538461 0.15384615384615385
0 0.6021634615384616 0.5913461538461539 0.06009615384615385 0.10096153846153846
1 0.3137019230769231 0.53125 0.08413461538461539 0.15384615384615385
1 0.2247596153846154 0.5132211538461539 0.0889423076923077 0.13221153846153846
0 0.5745192307692307 0.5552884615384616 0.0625 0.0985576923076923